x1 x3 x4 x5 x6 x7 x8 x9 x10 x11 x12 x13 x14 x15 x16 x17 x18 x19 x20 x21 x22 x23 x42 x25 x26 x27 x28 x29 x30 x31 x32 x33 x34 Class
0.34843 0.55599 0.31217 0.50052 0.52057 0.36311 0.65020 0.18249 1.07067 0.04901 1.20252 -0.06406 1.46618 -0.28765 1.67013 -0.61249 1.72505 -0.83676 1.54833 -1.14401 1.45650 -1.31587 1.35039 -1.60577 1.20142 -2.22113 0.87258 -1.77990 0.59396 -1.76918 0.27389 -1.89670 0.08438 1
0.34843 -0.32588 -0.38131 -0.33369 -0.52069 0.30681 -0.98289 0.43471 -0.22598 -0.37906 -0.75192 0.15137 0.13432 0.16790 -0.41443 0.06600 0.13200 0.22484 -0.48072 0.34435 0.34261 0.09986 0.26557 0.53677 0.52596 -0.01490 -0.10002 -0.38918 -0.46325 0.21329 0.08781 0.19974 -1.13315 1
-2.86999 -3.30251 2.16791 0.76848 -2.42504 -1.11819 -0.22954 -1.01087 -0.37533 0.93091 -2.33761 0.96443 1.83457 -0.52793 -0.15541 1.00148 -2.00862 -0.57468 0.04635 -0.55290 -0.01603 1.05742 2.00759 -2.41702 2.10959 0.88921 -1.69409 -2.39703 2.02643 -2.37005 -1.94252 -0.66938 -0.03096 2
0.34843 -0.51536 0.25242 -0.36334 -0.09118 -0.58035 0.23440 -0.54980 -0.10151 -0.50051 0.19809 -0.25054 0.55899 -0.39066 0.34615 -0.68195 0.75247 -0.49380 0.52679 -0.14396 0.17197 -0.47214 0.67783 -0.72897 0.70112 -1.16764 0.60465 -0.91521 0.34651 -0.78137 0.61437 -1.03469 0.58473 2
0.34843 0.52797 -0.13705 0.76848 -0.07754 0.91453 -0.19869 0.82678 -0.36426 0.81687 -0.34624 0.96443 -0.18903 1.00605 -0.01521 1.00148 0.10432 0.88755 0.12888 1.03655 0.02531 1.03967 0.07854 0.98063 0.24552 0.83050 0.20766 0.86697 0.07611 1.13461 0.18466 1.20564 0.10625 1
0.34843 -0.89876 0.02921 -1.07699 0.29560 -1.33278 0.71018 -1.37270 -0.75452 -1.59240 -0.19018 -1.37615 -0.00367 -0.77969 -0.82250 -0.78588 -0.79292 -0.27563 -0.29237 0.00562 -0.24704 -0.12641 -0.19537 -0.31107 0.62648 -0.97486 0.69270 -0.72447 0.57421 -0.91201 0.33487 -1.24712 -0.74916 1
0.34843 0.51217 0.79057 0.11601 1.30859 -0.51811 1.51705 -1.10541 1.57878 -1.65887 1.39849 -1.89506 0.99500 -1.95176 0.39369 -2.11422 -0.30145 -1.79098 -0.88748 -1.38927 -1.48865 -0.84827 -1.57300 -0.31218 -1.54764 -0.01814 -1.12226 0.64343 -0.74648 0.83920 -0.12966 0.80330 0.56617 1
0.34843 -0.26564 -2.23303 0.76848 0.32857 -1.18974 -2.15258 0.96407 -2.44503 -0.06990 -2.33761 -0.64510 -0.18903 -2.06192 -0.90401 -1.22948 0.08033 1.02436 -1.88290 -0.55290 -0.01603 -0.60121 0.10899 -0.96717 1.95669 -0.27959 0.60911 -0.65809 0.05502 1.13461 0.45954 -0.66938 -0.03096 2
0.34843 0.72165 -0.02060 0.76848 0.14543 0.91453 0.28907 0.96407 0.14350 0.93091 0.26864 0.96443 0.59295 1.00605 0.53659 1.00148 1.33176 1.02436 1.08517 1.08924 1.16804 1.05742 1.23784 0.86526 1.48581 0.68555 1.42611 0.83063 1.37880 0.68582 1.67674 0.70043 1.59063 1
0.34843 -0.63069 0.14984 -0.85022 0.38507 -0.83320 1.20285 -1.50720 1.52865 -1.13954 0.22586 -1.67060 0.31414 -2.02587 -0.16277 -0.99527 -0.39406 -1.06274 -0.89678 -0.78980 -1.75523 -0.44621 -0.44001 -0.19574 -0.22532 -0.28256 -0.08274 -0.11893 0.16569 -0.24197 0.40791 -0.41310 0.53401 1
0.34843 0.64292 0.09489 0.70606 0.16712 0.83375 0.29836 0.92544 0.35014 0.80415 0.62287 0.74336 0.87370 0.74251 1.12910 0.56790 1.39958 0.52871 1.45740 0.34162 1.31401 0.20055 1.55567 0.01734 1.61112 -0.40280 1.65228 -0.22433 1.75164 -0.37667 1.70061 -0.49602 1.81404 1
0.34843 0.62511 -0.04953 0.64822 -0.27949 0.78293 -0.20619 0.89900 -0.41122 0.87646 -0.30325 0.89466 -0.25104 0.93334 -0.16425 0.99305 -0.04631 1.02067 0.08092 0.98388 -0.11210 0.95483 0.06399 0.99439 0.05254 0.81578 0.09662 1.03561 0.09263 1.05460 -0.05909 1.16688 -0.01366 1
0.34843 0.72165 -0.06189 0.69557 -0.32013 0.91453 -0.29561 0.96407 -0.48029 0.91360 -0.45731 0.95112 -0.37120 1.00605 -0.49900 1.00148 -0.28012 0.99734 -0.18155 1.08924 -0.37394 1.05742 -0.25691 1.02761 -0.29471 0.82112 -0.24196 0.98692 -0.28255 1.07216 -0.43252 0.99775 -0.52909 1
0.34843 -0.26011 2.16791 0.76848 0.91754 0.32866 1.32492 -0.10986 0.58557 -0.25835 1.71006 -0.30309 1.83457 -0.79509 2.02935 -1.15494 1.99744 -1.55620 1.97560 -1.41789 1.36965 -2.06910 1.01831 -2.41702 0.83293 -2.99075 0.30083 -2.39703 -0.27447 -2.37005 -0.81597 -2.43025 -1.43274 1
0.34843 -0.34908 0.15587 -0.02171 -0.23740 0.00859 -0.09735 -0.06499 -0.66445 0.09552 -0.28686 0.38271 -0.51657 0.51286 -0.22807 0.26493 -0.26536 0.27270 -0.04348 0.23359 -0.39313 0.24097 -0.14779 0.03202 -0.25717 -0.00454 -0.08195 0.38296 -0.00180 0.32256 -0.22176 0.40969 -0.12579 1
0.34843 0.72165 -0.12518 0.76848 -0.31059 0.91453 -0.35426 0.86799 -0.40890 0.91170 -0.37941 0.94703 -0.01401 1.00605 -0.29711 0.92265 0.19253 0.98979 0.03591 1.08924 0.10932 1.05742 0.19109 1.00800 0.32116 0.86120 0.14938 1.08084 -0.00892 1.13461 0.06010 1.24662 -0.18122 1
0.34843 0.71451 0.04607 0.76848 -0.27871 0.87003 -0.18150 0.88729 -0.32748 0.91801 -0.15576 0.79258 0.02033 0.91726 -0.04029 0.82014 0.23146 0.80216 0.21286 0.78763 0.21260 0.78653 0.38319 0.72219 0.40433 0.49105 0.37491 0.71758 0.35820 0.73371 0.31802 0.68985 0.22595 1
0.34843 0.51452 0.76673 0.59850 0.56310 0.39141 1.07135 -0.11053 1.23782 -0.50650 1.48685 -0.68061 1.55186 -0.84375 1.64380 -1.22654 1.37099 -1.37420 0.96842 -1.76036 0.72291 -2.02812 0.27652 -1.97149 -0.10598 -2.36851 -0.31274 -1.61706 -0.78573 -1.39081 -0.98189 -1.21882 -1.24160 1
0.34843 0.72165 0.03119 0.66301 -0.09064 0.91356 0.02490 0.96407 -0.41488 0.83932 -0.17144 0.89543 0.10730 0.92723 0.08981 0.85396 0.41287 0.97225 0.36014 1.08423 0.25952 0.90456 0.42055 0.90116 0.58195 0.66462 0.55576 0.88205 0.49880 0.75477 0.58411 0.93190 0.63545 1
0.34843 0.72165 -0.22609 0.76848 -2.42504 -0.10183 -0.44321 -0.29770 -0.83526 0.93091 -0.83414 -0.37684 -0.41388 1.00605 -0.91264 1.00148 -0.77595 1.02436 -0.78057 -0.55290 -0.49919 1.05742 -0.84663 1.04543 -0.40686 0.88921 -0.91286 1.08084 -0.49260 1.13461 -1.22409 1.24662 -1.44083 2
0.34843 -0.04582 0.14548 0.20395 -0.40256 0.31199 -0.19727 0.45598 -0.37069 0.41605 0.00542 0.50713 -0.19357 0.69548 -0.01121 0.73685 -0.32644 0.52354 -0.12844 0.47390 -0.04197 0.40992 0.33198 0.54775 -0.04706 0.30421 0.09615 0.44285 0.14984 0.76415 -0.09293 0.58010 -0.13142 1
0.34843 -0.27501 -0.48405 0.21835 -0.21897 0.32632 -0.18611 0.33337 -0.34880 -0.23109 -0.20056 0.46628 -0.10014 0.51672 -0.04490 0.46712 0.12204 0.43916 -0.04359 0.50633 0.11647 0.44500 0.24913 0.76900 0.49597 0.11195 0.27780 0.00667 0.18828 0.37175 0.18379 0.37737 0.16888 1
0.34843 0.69795 -0.05105 0.63560 0.48921 0.58734 0.44780 0.46453 0.63688 0.46145 0.73617 0.24136 1.02875 0.13367 1.29171 -0.10362 1.42736 -0.12089 1.37508 -0.42950 1.40824 -0.49609 1.46239 -0.97126 1.51314 -1.37196 1.22831 -0.93996 1.15516 -1.22608 0.86916 -1.31092 0.77014 1
0.34843 0.50857 0.20390 0.51807 0.43364 0.48555 0.60484 0.24101 0.86597 0.11347 1.12347 -0.00613 1.35217 -0.15570 1.58198 -0.47090 1.61192 -0.72114 1.51762 -0.88463 1.27740 -1.10316 1.29770 -1.38784 1.13452 -1.94734 0.86859 -1.53302 0.59227 -1.54335 0.38124 -1.60455 0.09673 1
0.34843 0.67068 0.19611 0.65521 0.18357 0.68652 0.39061 0.74701 0.30169 0.67411 0.60134 0.51856 0.86899 0.54503 1.12967 0.32980 1.35579 0.20676 1.40450 0.17366 1.30123 -0.01590 1.54475 -0.22128 1.64107 -0.72460 1.55660 -0.52772 1.64080 -0.66962 1.52252 -0.86652 1.55653 1
0.34843 0.72165 -0.28630 0.76848 -0.49798 0.89920 -0.80264 0.96407 -1.05989 0.87159 -1.00757 0.73568 -1.14549 0.88186 -1.20780 0.56534 -1.30757 0.51476 -1.17957 0.80105 -1.52960 0.37454 -1.31088 0.47469 -1.75626 -0.10490 -1.43316 0.00168 -1.59886 -0.19511 -1.72503 -0.10951 -1.94729 1
0.34843 -1.29043 -0.10066 0.76848 -2.42504 -1.11819 -0.22954 -1.01087 -0.37533 0.93091 1.71006 0.96443 -0.70185 1.00605 0.35338 1.00148 -2.00862 -0.57468 0.04635 -0.55290 -0.01603 1.05742 2.00759 -0.68580 0.14020 0.88921 -1.69409 -0.65809 0.05502 1.13461 -1.94252 -0.66938 -0.03096 2
-2.86999 -1.29043 -0.10066 -1.15786 -0.25185 -1.11819 -0.22954 -1.01087 -0.37533 -0.84626 -0.31378 -0.64510 -0.18903 -0.52793 -0.15541 -0.61890 0.00729 -0.57468 0.04635 -0.55290 -0.01603 -0.60121 0.10899 -0.68580 0.14020 0.88921 0.12661 -0.65809 0.05502 -0.61772 0.00740 -0.66938 -0.03096 2
0.34843 -3.30251 -1.45448 -1.15786 -0.25185 -3.15091 1.01114 -2.73099 1.69437 -0.84626 -0.31378 -0.64510 -0.18903 -0.52793 -0.15541 -0.61890 0.00729 -0.57468 0.04635 -2.19505 -1.94867 -0.60121 0.10899 -0.16922 0.60078 0.88921 1.06632 -0.65809 0.05502 -0.61772 0.00740 -0.66938 -0.03096 2
0.34843 0.38982 0.08759 0.26260 -0.57144 0.59639 -0.33659 0.77529 -0.47099 0.74237 -0.04805 0.66179 -0.05299 0.68862 -0.35048 1.00148 -0.03506 0.97062 0.17403 0.88570 0.00629 0.68457 0.23464 0.96541 0.05744 0.56870 0.12885 1.08084 0.30765 0.90085 -0.20152 1.06549 -0.12306 1
0.34843 -3.30251 2.16791 -3.08419 0.07943 -0.54183 1.69351 -2.98582 1.69437 -2.62342 -2.33761 0.96443 1.83457 -2.06192 -0.66830 -0.16032 -2.00862 1.02436 1.97560 -1.06857 -1.94867 -2.25984 -1.78961 1.04543 -1.82920 -2.99075 0.06146 1.08084 -1.91640 -2.37005 -0.62276 -0.38315 2.10730 2
0.34843 -1.32793 -0.29256 -1.15786 -0.25185 -1.11819 -0.22954 -0.78435 -0.93022 -1.65776 -1.08631 -0.64510 -0.18903 -1.04421 0.68795 -1.22060 0.31004 0.44436 0.47300 -0.55290 -0.01603 -0.60121 0.10899 -0.94207 0.11408 -0.65026 0.08484 -0.65809 0.05502 -0.32692 0.47705 -0.82665 0.78297 2
-2.86999 0.72165 2.16791 0.76848 -2.42504 0.91453 -2.15258 0.96407 1.69437 -0.84626 -0.31378 0.96443 -2.21264 -0.52793 -0.15541 -0.61890 0.00729 -0.57468 0.04635 -2.19505 1.91661 1.05742 2.00759 -0.68580 0.14020 0.88921 1.94730 -0.65809 0.05502 -2.37005 -1.94252 -0.66938 -0.03096 2
0.34843 -1.24341 -0.11409 -1.34903 -0.51152 -1.13370 -0.45692 -0.72044 -0.23796 -0.77897 -0.44132 -0.64510 -0.18903 -0.59807 -0.49492 -0.62446 -0.19825 -0.75977 -0.05810 -0.52272 0.05488 -0.57602 0.12585 -0.62498 0.10996 -1.11363 0.29453 -0.79475 0.06945 -0.61772 0.00740 -0.67013 0.22586 2
0.34843 0.31615 0.76741 0.39870 -0.62051 0.91453 -0.37671 0.92756 -0.52845 0.40162 0.10441 0.96032 -0.14644 0.97865 -0.10107 1.00148 -0.25627 0.95501 0.19523 1.08924 -0.01234 0.89663 0.69383 1.04543 -0.14617 0.88921 0.11943 0.65720 0.21092 1.13461 -0.35821 1.24662 -0.15370 1
0.34843 0.72165 -0.74557 0.76848 -0.80267 0.80523 -0.90441 0.96407 -1.00796 0.80182 -1.30661 0.81664 -1.08183 0.63364 -1.44221 0.51128 -1.16232 0.37872 -1.06449 0.57129 -1.38772 0.30216 -1.54900 0.16621 -1.30402 -0.36200 -1.25810 -0.19985 -1.48740 -0.32676 -1.41887 -0.40126 -1.52775 1
0.34843 0.72165 1.34097 0.76848 1.92134 0.44951 1.69351 -1.66918 1.69437 -2.62342 1.71006 -0.64510 1.83457 -2.06192 2.02935 -2.23928 0.00729 -2.17372 -1.23982 -2.19505 -1.80442 -2.25984 -0.52387 -1.26287 -1.82920 -0.67762 -1.69409 1.08084 -1.91640 -0.61772 -1.94252 1.24662 -1.45648 1
0.34843 0.72165 -0.15513 0.65559 -0.10992 0.75407 -0.67674 0.51284 -0.71474 0.09205 -0.72411 0.26282 -0.20344 -0.00032 -0.75527 0.23893 -0.43177 0.14660 -0.29731 -0.45467 -0.70357 -0.56292 -0.89497 -0.62891 -1.14302 -0.79295 -0.84211 -0.61582 -1.17114 -0.71773 -1.15423 -0.75767 -1.43574 1
0.34843 -0.78105 0.71487 -1.15786 -0.25185 -1.72028 -2.15258 -1.01087 -0.37533 -0.71128 -0.46237 -0.64510 -0.18903 -0.52793 -0.15541 -0.61890 0.00729 -0.57468 0.04635 -0.54044 1.30011 -0.93294 0.74827 -0.86550 0.84319 -0.94272 -1.69409 -0.65809 0.05502 -0.50682 -1.94252 -0.66938 -0.03096 2
0.34843 0.47171 -0.01611 0.57490 -0.24439 0.69520 -0.21973 0.69420 -0.37533 0.84260 -0.16294 0.75553 -0.16892 0.79594 -0.13026 0.73980 -0.11792 0.79592 0.09427 0.82949 0.01495 0.78351 0.14220 0.69058 0.05457 0.54217 0.16362 0.76763 0.22645 0.79741 0.05240 0.86511 0.02123 1
0.34843 0.72165 0.22343 0.76848 1.30044 0.91453 1.14408 0.96407 -0.67101 0.67703 -0.60290 0.96443 -0.13775 1.00605 -0.15541 0.07554 -0.28070 1.02436 0.11613 1.08924 -0.56821 1.05742 0.10899 -0.19117 -0.42248 0.88921 0.21566 1.08084 0.15718 1.13461 1.12164 1.24662 -0.03096 1
0.34843 0.72165 -0.42362 0.76848 -0.60512 0.91453 -0.68445 0.96407 -0.53085 0.93091 -0.81994 0.96443 -0.71843 1.00605 -0.63551 1.00148 -0.77097 1.02436 -0.84423 1.08924 -0.70249 1.05742 -1.02373 1.04543 -0.79808 0.86632 -0.77804 1.08084 -1.43971 1.13461 -1.46988 1.24662 -1.83645 1
0.34843 0.72165 0.06676 0.76848 -0.17753 0.91453 -0.33652 0.96407 -0.19394 0.93091 0.08393 0.96443 0.22233 1.00605 0.12391 1.00148 0.22019 1.02436 0.56893 1.08924 0.84898 1.05742 0.90166 1.04543 0.53472 0.88921 0.79558 1.00438 1.01393 1.13461 0.64096 1.24662 0.96786 1
-2.86999 0.72165 -2.36924 0.76848 1.92134 0.91453 1.69351 0.96407 1.69437 0.93091 1.71006 0.96443 -2.21264 1.00605 2.02935 1.00148 2.02320 1.02436 -1.88290 1.08924 -1.94867 1.05742 -1.78961 1.04543 -1.82920 0.88921 1.94730 1.08084 -1.91640 1.13461 1.95731 1.24662 2.10730 2
0.34843 -1.29043 -0.10066 -1.15786 -0.25185 -1.11819 -0.22954 -2.98582 1.69437 -0.84626 -0.31378 0.96443 0.56644 -0.71201 -0.41758 -0.61890 0.00729 -2.17372 -1.88290 -0.55290 -0.01603 1.05742 -1.78961 -0.68580 0.14020 0.88921 0.53930 -0.65809 0.05502 -0.61772 0.00740 -0.66938 -0.03096 2
0.34843 -0.23324 -0.17757 0.67052 -0.06767 -0.05016 -0.55547 -0.40836 -0.41041 0.05738 -0.58819 0.39155 0.39405 0.74605 -0.93303 0.25994 0.04146 0.31970 0.11175 0.42125 0.57358 0.83252 0.20553 0.01843 0.44061 0.25458 0.12176 0.49138 -0.01181 0.83761 -0.29004 0.79198 -0.24840 1
0.34843 0.10684 0.78156 -1.15786 -0.25185 -1.78771 1.11354 -1.01087 -0.37533 -0.84626 -0.31378 -0.64510 -0.18903 -0.21140 -0.68425 -0.27810 0.39926 0.16774 1.55454 -0.55290 -0.01603 -0.60121 0.10899 0.58515 0.67944 0.42730 1.28260 -0.65809 0.05502 -0.61772 0.00740 -0.66938 -0.03096 2
0.34843 0.72165 -0.04483 0.76216 -0.14621 0.86463 -0.09217 0.20856 -2.44503 0.77161 -0.08818 0.77872 0.89643 0.73111 0.15345 0.62764 0.31349 1.02436 0.83740 0.52845 0.30036 0.39625 0.42256 0.25678 0.46298 -0.10276 0.41826 0.09801 0.35932 0.05433 0.29359 1.24662 2.10730 2
0.34843 0.48191 0.69860 0.15954 1.16351 -0.41048 1.30475 -0.89569 1.50483 -1.37557 1.43664 -1.65323 1.21920 -1.71073 0.70340 -2.00924 0.17679 -1.88015 -0.41700 -1.61339 -0.98278 -1.26078 -1.18845 -0.87878 -1.34735 -0.72018 -1.17526 0.04922 -1.08148 0.37455 -0.70949 0.53320 -0.31546 1
0.34843 0.72165 -0.29834 0.76848 -0.62701 0.64286 -1.80219 0.86171 0.88828 0.85046 -1.15128 0.77911 -0.83124 0.82100 -0.66736 0.69443 -1.24620 -0.37888 -1.88290 0.92969 0.19758 0.43306 -1.38230 0.27311 -1.49180 -0.11694 -1.44980 0.04879 -1.71283 -0.03973 -1.78902 -0.92500 -2.16922 1
-2.86999 0.72165 2.16791 0.76848 -2.42504 -1.11819 -0.22954 -1.01087 -0.37533 -2.62342 -2.33761 -0.64510 -0.18903 -0.52793 -0.15541 -2.23928 2.02320 1.02436 1.97560 -2.19505 1.91661 -2.25984 2.00759 1.04543 -1.82920 0.88921 1.94730 -2.39703 2.02643 1.13461 1.95731 -0.66938 -0.03096 2
0.34843 0.38819 0.78683 -0.11687 1.45582 -0.86764 1.48971 -1.66697 1.35449 -2.09180 0.89170 -2.03931 0.25432 -1.82326 -0.68333 -1.58650 -1.24044 -0.88416 -1.64728 -0.34864 -1.73732 0.24650 -1.26662 0.68434 -0.40600 0.55957 0.28533 0.49990 1.02257 0.04014 1.37255 -0.74570 1.66776 1
0.34843 0.45382 0.71489 0.22937 1.19695 -0.36200 1.36754 -0.84012 1.40240 -1.27487 1.42917 -1.47824 1.17846 -1.58200 0.75179 -1.86690 0.20683 -1.68437 -0.21703 -1.36557 -0.83174 -1.14088 -0.98610 -0.73503 -1.04054 -0.75279 -0.84067 -0.09626 -0.67614 0.19166 -0.37637 0.11534 0.00795 1
0.34843 -0.06954 -0.16218 0.13508 -0.16344 -0.04327 -0.31428 -0.01337 -0.29815 0.40679 -0.47157 0.28788 -0.23019 0.28845 0.01494 0.41924 0.24646 0.33596 0.00057 0.32105 -0.00293 0.58512 0.04463 0.22969 0.07343 0.06010 0.14026 0.36169 0.04833 0.41586 -0.04548 0.29186 0.11401 1
0.34843 0.43465 -0.09896 0.42033 -0.37520 0.45760 -0.30996 0.65434 -0.18829 0.68669 -0.07195 0.77211 -0.31296 0.67382 -0.07872 0.73766 -0.12971 0.76164 -0.22741 0.89424 0.00706 0.90010 0.15152 0.69374 0.10195 0.54744 0.05964 0.87434 -0.07161 0.67788 -0.03047 0.84597 -0.22738 1
0.34843 0.72165 2.16791 -0.45089 -0.11802 -0.85408 1.55338 -1.55568 1.56183 -1.40654 0.44891 -2.04848 0.55861 -1.95235 -0.34913 -1.24949 -0.68288 -1.31907 -1.54551 -0.64189 -1.82491 -0.17634 -0.27914 0.59171 -0.76474 0.60735 0.00224 1.08084 2.02643 0.05991 0.01219 -0.32914 1.67516 1
-2.86999 0.72165 -2.36924 0.76848 1.92134 -3.15091 -2.15258 0.96407 -2.44503 -0.84626 -0.31378 -0.64510 -0.18903 -2.06192 2.02935 1.00148 -2.00862 1.02436 -1.88290 -1.78451 1.91661 1.05742 -1.78961 1.04543 -1.82920 0.88921 -1.69409 -2.39703 -1.91640 -0.61772 0.00740 1.24662 -2.16922 2
0.34843 0.39185 0.19913 0.23240 -0.12018 0.21993 -0.06963 -0.53910 -0.10708 -0.06720 0.09767 0.15030 0.06768 0.15848 0.13969 -0.14329 0.06620 0.19539 0.35032 -0.01370 0.26644 -0.11200 0.38691 -0.22813 0.42635 -0.59214 0.38722 -0.19851 0.37314 -0.28886 0.27321 -0.35027 0.25125 1
0.34843 0.72165 -0.10066 0.76848 -0.25185 -0.10183 0.73199 0.47034 -0.37533 0.77454 -0.06901 0.78846 0.09852 0.80544 0.19914 0.59638 0.51127 0.62460 1.01097 0.67871 -0.01603 1.05742 -0.36566 0.17981 1.12489 0.38373 0.60705 0.64611 0.54787 0.60251 0.57432 0.62379 0.61678 1
0.34843 -0.37584 0.10558 0.06798 -0.05428 -0.56381 0.12011 0.24590 -0.37533 -0.20001 -0.49776 0.08651 -0.37300 0.21777 -0.18475 0.41224 -0.35924 0.15217 0.04635 0.04425 -0.19173 -0.14885 0.45419 -0.05626 -0.03884 -0.38260 0.09442 -0.18383 0.05502 0.01950 0.00740 -0.11403 -0.07014 1
0.34843 -2.61086 0.25380 -1.03746 -0.25185 -1.11819 -0.10935 0.22347 -0.24597 -0.51304 -0.31378 -0.69540 0.00068 -0.43206 -0.15541 -0.36572 -0.30769 0.12490 -0.67712 -0.55290 -0.19722 -0.60121 0.10899 -0.63170 -0.78296 -0.99015 0.12661 -1.90795 0.11662 -0.67248 0.00740 -0.66938 0.16950 2
0.34843 0.34223 -0.01641 0.48228 -0.25496 0.48766 -0.21581 0.56061 -0.46404 0.71003 -0.31378 0.73219 -0.32490 0.79787 -0.14916 0.72370 -0.10215 0.72055 -0.18240 0.70920 -0.17894 0.79678 0.01406 0.64724 0.00515 0.53221 -0.03123 0.77776 -0.15058 0.80918 -0.09010 0.90448 -0.35476 1
0.34843 0.41092 -0.29530 -1.76937 -2.00242 -1.30034 -1.31481 0.58188 -0.28062 0.74456 -0.32922 -0.94277 1.10539 -0.83502 -1.64246 0.76978 -0.22139 0.67224 -0.25710 -0.66718 0.96594 -1.16727 1.64560 0.68069 0.06697 0.32432 -0.33381 0.69626 -0.22313 -0.99191 -1.51685 -1.02373 -1.31108 2
0.34843 0.48505 0.59429 0.25284 1.00460 -0.42485 0.89597 -0.89797 1.69437 -1.01043 1.55054 -1.64950 1.26788 -1.59815 0.55591 -1.93825 0.83775 -2.17372 0.03140 -1.84976 -0.81006 -1.87672 -0.75445 -1.67678 -1.19122 -1.66400 -1.36410 -0.70989 -1.65698 -0.17277 -1.59401 -0.66567 -1.77762 1
0.34843 0.72165 -0.00815 0.76848 0.00854 0.91453 0.08121 0.96407 0.20255 0.90786 0.31137 0.84766 0.57263 0.86980 0.71301 0.70882 0.93580 0.68247 0.95298 0.75096 1.07169 0.56532 1.21263 0.47546 1.31638 0.09193 1.23705 0.28010 1.25624 0.17630 1.24825 0.10549 1.30883 1
0.34843 -0.39618 0.90758 -0.12351 1.72060 -1.56990 1.69351 -1.66918 1.46441 -2.62342 0.36083 -2.25463 -0.41388 -2.06192 -0.64090 -1.69916 -1.56064 0.31368 -1.88290 -0.91782 -1.51920 0.68884 -0.31292 -0.10873 0.14020 0.73634 0.94626 0.34100 1.71796 -0.22832 1.95731 -1.73384 2.10730 1
0.34843 -0.70546 0.12676 -0.70887 0.12396 -1.04178 0.43076 -0.77329 0.16933 -0.73490 0.11736 -0.72115 0.06932 -0.62508 0.01734 -0.72144 0.08988 -0.66152 0.07351 -0.62132 -0.02144 -0.64892 0.08666 -0.71618 0.11056 -1.06796 0.09975 -0.66296 0.03037 -0.61604 -0.01109 -0.66383 -0.04480 1
-2.86999 0.72165 -2.36924 0.76848 1.92134 0.91453 -2.15258 0.96407 1.69437 0.93091 -2.33761 0.96443 1.83457 1.00605 -2.34016 1.00148 -2.00862 1.02436 1.97560 1.08924 1.91661 1.05742 -1.78961 1.04543 -1.82920 0.88921 -1.69409 1.08084 2.02643 1.13461 -1.94252 1.24662 2.10730 2
0.34843 -0.75387 -0.32752 -0.13049 -0.25185 -0.44062 -0.48594 -0.28672 -0.13386 0.16081 -0.28004 0.50840 -0.02041 0.54585 -0.30106 0.24529 0.41047 0.09159 0.01419 -0.03288 0.37049 0.55983 0.10899 -0.25299 0.40277 -0.15423 0.22563 0.03748 0.12072 0.20004 0.07239 0.12896 -0.13788 1
0.34843 0.41400 0.20635 0.26066 -0.38552 0.66802 -0.07069 0.74541 -0.56448 0.55300 -0.17862 0.65327 -0.19614 0.68793 -0.17843 0.77080 -0.08482 0.81921 -0.02146 0.78909 -0.19944 0.57645 0.19241 0.81114 -0.15746 0.52346 0.03881 0.70188 0.04116 0.70962 -0.12282 0.97386 -0.16249 1
0.34843 0.41547 0.13976 0.76848 0.59852 0.91453 -2.15258 0.31112 -0.20098 0.93091 0.23343 0.96443 1.03723 1.00605 0.62033 1.00148 0.06116 0.35955 -0.78371 1.08924 1.21112 0.87712 0.61373 0.89019 -0.51626 0.88921 0.41686 -0.00284 0.01663 1.13461 0.44543 1.24662 0.76894 2
0.34843 0.48865 0.73245 0.13516 1.21249 -0.31297 1.43196 -0.96300 1.55326 -1.47090 1.38043 -1.61591 1.00170 -1.73454 0.69180 -1.96844 -0.00565 -1.68310 -0.58959 -1.41510 -1.05819 -1.05530 -1.18445 -0.67184 -1.23393 -0.54583 -0.97815 0.11693 -0.80024 0.33220 -0.41265 0.40906 0.02940 1
0.34843 0.72165 0.01615 0.75621 -0.03186 0.83611 0.05423 0.87546 -0.92372 0.32714 0.79328 0.64938 0.32260 0.60385 0.44278 0.46311 0.58614 0.37859 0.61170 0.30913 0.54830 0.15482 0.64964 -0.01022 0.67638 -0.41194 0.59185 -0.18195 0.51964 -0.22473 0.42425 -0.32285 0.37708 1
0.34843 0.72165 2.16791 0.76848 0.86191 0.15226 -2.15258 0.96407 1.69437 -0.80183 -0.25053 0.96443 1.83457 -0.52793 -0.15541 1.00148 -2.00862 1.02436 1.97560 1.08924 1.91661 -0.08289 2.00759 1.04543 2.10959 0.88921 1.94730 1.08084 2.02643 -2.27148 1.95731 -0.66938 -0.03096 2
0.34843 0.44567 0.33740 0.40093 0.64240 0.24786 0.84324 0.06664 1.07267 -0.19395 1.33632 -0.32936 1.54461 -0.59023 1.72969 -0.89827 1.53505 -1.11995 1.31477 -1.34440 1.06802 -1.60021 0.88734 -1.71127 0.64726 -2.27370 0.28716 -1.65348 -0.09907 -1.57915 -0.38108 -1.49158 -0.71422 1
0.34843 0.53919 0.09877 0.50896 0.11516 0.91453 0.08965 0.07904 1.03525 0.40144 0.42936 -0.38297 0.67584 0.35595 0.85146 0.20858 1.00755 -0.06876 0.29652 0.06822 1.03652 -0.08249 1.16890 -0.25548 1.25344 -0.68943 1.15721 -0.43838 1.16100 -0.49634 1.08104 -0.43684 1.41747 1
0.34843 0.72165 2.16791 -3.08419 1.92134 -3.15091 -1.81521 -0.32657 0.06040 -0.02782 -0.17174 -0.27802 -0.07365 0.01031 0.60159 0.56085 -0.07228 -0.20999 1.07020 -0.55290 -0.01603 -1.09590 -0.19911 1.04543 -1.17274 0.88921 -1.69409 1.08084 -0.42918 -0.00286 0.40079 0.91889 0.13785 2
0.34843 -0.70286 0.20746 -0.28463 0.11342 -0.06559 -0.23932 0.02858 0.05688 0.08608 -0.65050 0.11730 -0.28523 0.32370 -0.07009 0.70436 -0.44449 0.10403 -0.03553 0.02144 0.11193 -0.13376 -0.28749 0.20978 0.07765 -0.07362 0.06560 -0.05581 0.24914 0.62289 -0.02903 0.08857 -0.09994 1
-2.86999 -1.29043 -0.10066 -1.15786 -0.25185 -1.11819 -0.22954 -1.01087 -0.37533 -0.84626 -0.31378 -2.25463 -2.21264 -0.52793 -0.15541 1.00148 1.51922 -0.57468 0.04635 -0.55290 -0.01603 -2.25984 2.00759 -0.68580 0.14020 0.88921 -1.69409 -2.39703 -1.91640 1.13461 1.95731 -0.66938 -0.03096 2
0.34843 0.72165 -2.36924 0.76848 1.92134 0.91453 -2.15258 0.96407 -2.44503 0.93091 -2.33761 0.96443 -0.22627 1.00605 -2.34016 1.00148 2.02320 1.02436 -1.60476 1.08924 1.91661 1.05742 -1.78961 -0.68580 0.14020 0.88921 1.94730 1.08084 -1.50518 1.13461 1.95731 1.24662 2.10730 2
0.34843 0.61406 0.55071 0.23978 1.20958 -0.15135 1.35611 -0.98585 1.46896 -1.28826 1.39586 -1.41195 0.94579 -1.69194 0.75658 -1.69573 0.15260 -1.62087 -0.33034 -1.41462 -0.86639 -1.11292 -0.93693 -0.75711 -1.13582 -0.73873 -0.90063 -0.01900 -0.77103 0.18939 -0.43202 0.29582 -0.15883 1
0.34843 0.52187 -0.06044 0.76848 -0.29038 0.71270 -0.21590 0.66293 -0.25790 0.93091 -0.24201 0.93018 -0.16750 0.96798 -0.07794 1.00148 -0.05704 0.85992 -0.01521 0.86213 0.13473 1.05742 0.28404 0.87353 0.23098 0.77873 0.18572 0.98835 0.10395 1.13461 0.02814 1.12433 0.01454 1
0.34843 0.30672 0.56839 0.07623 0.88499 -0.27829 1.08118 -0.73088 1.35386 -1.14537 1.28044 -1.33577 1.27460 -1.40484 0.75063 -1.84125 0.34506 -1.69364 -0.14380 -1.50034 -0.47026 -1.27523 -0.61793 -0.98767 -0.89453 -1.02123 -0.76020 -0.32717 -0.69528 -0.07436 -0.44496 -0.00698 -0.20279 1
0.34843 0.14863 -0.11534 0.12637 -0.34327 0.16460 -0.32911 0.52947 -0.20787 0.35003 -0.11728 0.39667 0.13187 0.39543 -0.19783 0.26208 -0.08405 0.17569 -0.14719 0.50998 0.27168 0.04829 0.52066 0.22183 0.03184 -0.17574 0.12733 -0.11221 -0.07896 0.24427 -0.20085 -0.08651 -0.14168 1
0.34843 0.72165 0.04766 0.76848 0.19900 0.91453 0.27586 0.82684 0.29138 0.69585 0.47631 0.56968 0.82443 0.69243 0.98768 0.44980 1.23208 0.34667 1.26176 0.23216 1.28144 0.07141 1.41599 -0.09053 1.55978 -0.51317 1.44453 -0.32255 1.44845 -0.41845 1.42475 -0.53545 1.49670 1
-2.86999 -3.30251 -2.36924 0.76848 -2.42504 -3.15091 1.69351 -1.01087 -0.37533 0.93091 -2.33761 0.96443 -2.21264 -0.52793 -0.15541 -0.61890 0.00729 -0.57468 0.04635 -2.19505 1.91661 1.05742 -1.78961 -2.41702 2.10959 0.88921 1.94730 -0.65809 0.05502 1.13461 0.98236 -0.66938 -0.03096 2
0.34843 0.66193 -0.42697 0.60135 -0.25680 0.84491 -0.55882 0.93702 0.00270 0.78485 -0.30916 0.86153 -0.35997 0.87296 -0.16039 0.78691 -0.16761 0.97690 -0.36329 1.08924 0.18253 0.92488 0.00930 0.91500 0.27508 0.77364 -0.04184 1.02923 -0.34106 0.87856 -0.16178 1.18100 -0.49963 1
0.34843 0.72165 -2.36924 0.76848 1.92134 -3.15091 1.69351 0.96407 -2.44503 0.93091 -2.33761 -2.25463 -2.21264 -2.06192 2.02935 1.00148 2.02320 1.02436 1.97560 -2.19505 1.91661 1.05742 -1.78961 1.04543 -1.82920 0.88921 1.94730 1.08084 2.02643 -2.37005 1.95731 -2.58539 2.10730 2
0.34843 0.72165 -0.52781 0.63431 -1.03759 -1.33911 -2.02945 0.96407 -0.46948 0.05786 -1.68478 -0.09091 -1.59963 -1.32077 -2.28587 -0.52980 -1.24735 -0.04525 -1.88290 -0.76886 -0.89152 -0.90070 -0.56945 -1.03779 -0.38305 -1.44785 -0.20842 -0.98918 -0.17353 -0.90906 -0.11521 -0.93261 -0.08329 2
0.34843 0.72165 2.16791 0.76848 -2.42504 -1.11819 -0.22954 -1.01087 -0.37533 0.93091 1.71006 0.96443 -2.21264 1.00605 2.02935 1.00148 -2.00862 -0.57468 0.04635 -0.55290 -0.01603 1.05742 -0.41840 -0.68580 0.14020 0.88921 -1.69409 1.08084 2.02643 1.13461 -1.94252 -0.66938 -0.03096 2
0.34843 -3.30251 0.53692 -0.72979 0.07485 -2.65682 -1.59459 -1.61756 1.09917 -2.62342 1.71006 -1.96007 0.49873 -1.74109 -0.21252 -2.20751 -1.66606 -1.53620 -1.00023 -0.62803 -1.62026 0.95986 -1.67793 -2.41702 -0.70934 0.39228 0.29367 -2.39703 0.15810 -0.29703 0.05837 -1.43964 -1.06248 2
0.34843 -0.28214 -0.18224 0.01959 -0.22255 0.07860 -0.19929 0.15190 -0.32417 0.33986 -0.32286 0.50869 -0.28453 0.49243 -0.13577 0.30962 0.05712 0.46021 -0.09672 0.38072 0.25757 0.35296 0.04072 0.11952 0.23756 0.04702 0.14161 0.17034 -0.01588 0.33917 0.21335 0.49314 -0.20395 1
0.34843 0.60758 0.35212 0.69397 0.63488 0.51844 0.85831 0.10867 1.09064 -0.10276 1.37066 -0.40465 1.62187 -0.44867 1.89132 -1.01982 1.69943 -1.25925 1.50398 -1.37810 1.19308 -1.68787 1.06642 -1.87776 0.74898 -2.54644 0.41098 -1.96935 -0.03171 -1.93546 -0.34205 -1.95181 -0.76582 1
0.34843 0.72165 0.16624 0.76848 0.25948 0.91453 0.56230 0.96407 -0.25359 0.93091 0.16241 0.96443 0.04904 1.00605 0.87272 1.00148 -0.11128 1.02436 -0.18063 1.08924 0.66607 1.05742 0.89076 1.04543 -0.09150 0.88921 0.49484 1.08084 0.17098 1.13461 0.69560 1.24662 0.47215 1
0.34843 0.42404 0.78980 -0.40876 1.40916 -0.93813 1.67242 -1.85269 1.46141 -2.20097 0.69774 -2.14345 0.02887 -1.84563 -0.83364 -1.68884 -1.10674 -0.88266 -1.61402 -0.08581 -1.57173 0.47108 -0.55989 0.66134 -0.31915 0.34015 0.51520 -0.00025 1.20455 -0.27309 1.30049 -0.88426 1.35748 1
0.34843 0.20754 -0.15488 0.20545 -0.17994 0.35031 0.09569 0.55384 -0.21553 0.60096 0.57537 0.38157 -0.17788 0.55770 0.31849 1.00148 0.12958 0.40120 0.14565 0.55494 0.06568 0.26164 -0.36566 0.57761 -0.17115 0.14672 0.25631 -0.12107 0.22535 0.36211 0.15282 0.48585 0.43285 1
0.34843 -1.29043 -0.10066 -1.15786 -0.25185 -1.11819 -0.22954 -1.01087 -0.37533 0.25905 1.71006 -0.64510 -0.18903 -0.52793 -0.15541 -0.02609 -1.44318 0.32235 -1.88290 -0.55290 -0.01603 -0.60121 0.10899 -0.68580 0.14020 0.88921 0.32645 -0.65809 0.05502 -0.61772 0.00740 -0.66938 -0.03096 2
0.34843 -2.38057 0.23647 -1.80792 1.34273 -0.06093 -0.49746 -0.38108 -0.51630 -0.47762 -0.62079 0.11730 -0.00735 0.33642 -0.49361 -0.35301 0.91850 -0.03507 0.11206 0.27579 0.12159 -1.65904 -1.06074 1.04543 1.43281 -0.24863 -0.60378 -0.92189 0.27475 -0.57568 1.09584 0.33905 -0.22294 2
0.34843 0.72165 0.05458 0.76848 0.05698 0.91453 0.19561 0.96407 -0.63404 0.93091 0.48554 0.96443 0.80215 1.00605 1.13329 -1.22654 2.02320 1.02436 0.04635 1.08924 1.76201 1.05742 2.00759 1.04543 2.10959 0.88921 1.94730 1.08084 0.54787 1.13461 1.95731 1.24662 2.10730 1
0.34843 0.03442 0.88882 -0.29715 1.37378 -1.01007 1.40709 -1.64339 1.32470 -2.05923 0.74687 -2.00050 -0.04513 -1.79824 -0.78293 -1.38100 -1.43862 -0.65078 -1.61284 -0.17041 -1.49095 0.33862 -0.88071 0.60050 -0.22700 0.39952 0.55835 0.12765 1.21955 -0.25763 1.50423 -1.02448 1.55896 1
0.34843 0.08177 -0.49344 0.42813 0.22425 -0.17007 0.40242 -0.50144 0.83139 0.93091 -0.62128 -0.62804 0.71194 -0.51167 0.69379 -0.31620 0.83720 -0.40571 0.74769 -0.48188 0.57816 -0.60259 0.58242 -0.73535 0.52236 -1.13446 0.39026 -0.74120 0.25904 -0.69806 0.14514 -0.74627 0.06710 2
0.34843 0.62332 -0.09116 0.67569 -0.31102 0.78114 -0.26646 0.85723 -0.34209 0.86889 -0.24737 0.87061 -0.04070 0.92360 -0.18438 0.95567 0.01011 0.94176 0.16284 0.96887 0.14654 0.94337 0.30050 0.95055 0.16700 0.76354 0.21628 0.96188 0.21604 1.03063 0.00672 1.08344 0.06979 1
0.34843 0.46072 0.96493 -0.11870 1.53367 -0.90719 1.60265 -1.76200 1.44427 -2.16028 0.86462 -2.12746 0.14954 -1.79220 -0.70033 -1.58113 -1.26963 -0.95864 -1.55263 -0.24380 -1.53700 0.25393 -0.98137 0.51349 -0.34906 0.28970 0.31749 0.26003 0.83889 -0.16257 1.11052 -0.79850 1.19965 1
0.34843 0.72165 0.08945 0.76848 0.12600 0.91453 -0.48546 0.92797 0.96004 0.93091 0.65572 0.96443 1.00718 1.00605 1.39048 1.00148 1.67600 1.02436 1.88105 1.08924 1.91661 1.02494 2.00759 0.90042 2.10959 0.57685 1.94730 0.64301 2.02643 0.51004 1.95731 0.33612 2.10730 1
0.34843 0.61078 -1.21932 0.76848 -0.33208 0.89213 -1.90359 0.76822 1.01017 0.93091 -0.51826 0.96443 -0.44184 1.00605 -0.48349 1.00148 -0.34914 1.02436 -0.34897 1.08924 -0.46928 1.05742 -0.39549 1.04543 -0.44771 0.88921 -0.47976 1.08084 -0.67305 1.13461 -0.78700 1.24662 -0.98760 1
-2.86999 0.72165 2.16791 -1.15786 -0.25185 0.91453 -2.15258 0.96407 -2.44503 0.93091 1.71006 0.96443 1.83457 1.00605 -2.34016 1.00148 2.02320 1.02436 1.97560 1.08924 -1.94867 -2.25984 -1.78961 1.04543 -1.82920 0.88921 -1.69409 1.08084 2.02643 -0.61772 0.00740 1.24662 -2.16922 2
0.34843 -0.85926 -0.31672 -0.51575 -0.09662 -0.73100 0.13677 -0.54064 -0.17821 -0.12693 -0.26559 -0.14692 -0.28540 -0.05314 -0.25944 -0.15594 -0.23270 -0.04167 0.13822 -0.04463 -0.01603 -0.24579 -0.11704 -0.06751 0.04641 -0.62186 0.08491 -0.32686 0.05502 -0.31988 -0.03226 -0.38785 -0.07110 1
0.34843 0.72165 -1.04114 0.76848 1.40262 0.65150 0.12802 0.96407 -0.58075 0.82151 0.65746 0.40837 -0.51443 1.00605 -0.13620 0.96280 -1.00320 0.70495 -0.42626 0.89325 -0.38507 1.05742 -0.12476 0.93451 0.35049 0.75128 -0.00538 1.08084 -0.48489 0.15278 0.39444 0.31510 -0.14647 1
0.34843 0.21694 -0.04283 0.74910 -0.03905 0.42373 0.01810 0.45677 -0.56550 0.85702 -0.26354 0.93097 -0.19852 0.94638 0.06733 0.86345 0.08301 0.56106 0.09811 0.78086 -0.17157 1.05742 0.10899 0.55660 0.11642 0.54527 0.17307 0.60151 0.03386 0.96654 0.22318 0.72618 0.02784 1
0.34843 0.53145 0.83202 0.10108 1.37285 -0.50998 1.61476 -1.27437 1.64925 -1.77458 1.37133 -1.92721 0.92569 -2.01024 0.17650 -2.12587 -0.50785 -1.72380 -1.09922 -1.23515 -1.66274 -0.63853 -1.67167 -0.05705 -1.54104 0.25945 -1.00148 0.83699 -0.49940 0.93579 0.19849 0.77711 0.95907 1
0.34843 0.72165 0.43007 0.60289 0.87849 0.46774 1.15783 -0.06961 1.36781 -0.35507 1.54269 -0.49273 1.59676 -0.86510 1.84155 -1.17255 1.52965 -1.39595 1.29124 -1.61253 0.84619 -1.83029 0.66266 -1.91216 0.21092 -2.44234 -0.09084 -1.78774 -0.50059 -1.51581 -0.86041 -1.38658 -1.17106 1
0.34843 0.03571 -1.52712 -1.15786 -0.25185 -1.11819 -0.22954 0.51523 1.69437 0.93091 -0.88106 -0.64510 -0.18903 -0.52793 -0.15541 0.38769 -0.45086 0.76997 -1.88290 1.08924 -1.94867 -0.60121 0.10899 -0.68580 0.14020 0.88921 -1.58373 -0.88205 -1.78199 -0.61772 0.00740 -0.66938 -0.03096 2
0.34843 -1.29043 -0.10066 0.76848 0.02825 0.67963 -0.26800 -1.01087 -0.37533 0.93091 -1.17277 0.96443 0.20670 1.00605 -0.27192 1.00148 -1.63680 -0.57468 0.04635 1.08924 -0.09334 1.05742 -0.24542 -0.68580 0.14020 0.88921 -1.69409 -0.65809 0.05502 1.13461 0.23706 1.06780 -0.23529 2
0.34843 0.49736 -0.06366 0.61451 -0.22349 0.76090 -0.20340 0.75037 -0.58692 0.75503 -0.48434 0.85241 -0.20994 0.90011 -0.35024 0.77503 -0.09465 0.85568 -0.03128 0.89905 -0.25038 0.87343 -0.11711 0.75077 -0.13824 0.62640 -0.08838 0.82932 -0.20227 0.84590 -0.23541 0.99344 -0.29258 1
0.34843 0.72165 -1.33045 0.76848 -2.42504 0.91453 -2.15258 0.96407 0.37425 0.93091 -1.14596 0.96443 1.83457 1.00605 -2.34016 1.00148 -0.58446 1.02436 -1.75941 1.08924 1.91661 1.05742 2.00759 1.04543 -0.66505 0.88921 -1.01579 1.08084 -1.91640 1.13461 -1.94252 1.24662 -2.16922 2
-2.86999 -1.29043 -0.10066 -3.08419 1.92134 0.91453 1.69351 -2.98582 -2.44503 -0.84626 -0.31378 -2.25463 -2.21264 -2.06192 -0.83814 -2.23928 -2.00862 1.02436 -1.88290 1.08924 -1.94867 -0.60121 0.10899 1.04543 -1.82920 -2.99075 -1.69409 -0.65809 0.05502 1.13461 -1.94252 -0.66938 -0.03096 2
0.34843 0.72165 -0.18528 0.76848 -0.41230 0.90642 -0.44182 0.96087 -0.58087 0.91209 -0.59335 0.91090 -0.62805 0.93377 -0.70376 0.85947 -0.68618 0.87375 -0.57394 0.92488 -0.68648 0.85629 -0.60570 0.80674 -0.70645 0.56275 -0.65851 0.75798 -0.78467 0.74768 -0.92811 0.76983 -1.10334 1
0.34843 -0.44673 0.18250 -0.48364 0.01980 -0.64696 0.30805 -1.08268 0.54192 -0.76598 0.41873 -0.95238 0.49163 -0.73272 0.44151 -0.57471 0.82283 -1.13071 0.29189 -0.88179 0.08211 -0.91032 0.79940 -0.92822 0.04562 -1.24421 -0.00292 -2.39703 -1.91640 -0.66882 -0.13814 -0.67946 -0.16597 2
0.34843 -0.00640 2.16791 -0.75654 -2.42504 0.91453 1.69351 0.72153 0.26464 -2.03493 1.71006 -0.74040 1.00028 -0.50103 -0.04521 -1.45396 -2.00862 -0.34675 -0.01710 -0.01633 -0.86369 -2.25984 2.00759 0.71513 -1.82920 0.88921 0.01482 1.08084 2.02643 -0.25650 -1.94252 1.24662 2.10730 2
0.34843 0.72165 0.10558 0.68093 -0.44941 0.45255 -0.22954 0.96407 -0.37533 0.85014 -0.31378 0.96443 -0.09706 0.86659 -0.25470 1.00148 0.00729 1.02436 0.04635 0.86532 0.15966 0.68046 0.28159 0.88804 0.22970 0.72511 0.17935 1.00181 0.23424 0.89566 -0.16987 0.98536 0.06622 1
0.34843 0.72165 -0.15191 0.76848 -0.34951 0.91453 -0.35803 0.96407 -0.55744 0.93091 0.82307 0.96443 -0.44680 1.00605 -0.47268 1.00148 0.66059 1.02436 -0.29395 1.08077 -0.38225 0.98445 -0.27227 1.04543 -1.67724 0.64244 -0.27018 0.78383 -0.38599 0.75749 -0.43650 0.74831 -0.52236 1
0.34843 -0.43111 -1.23495 -1.15786 -0.25185 -1.11819 -0.22954 -0.09335 0.68109 0.20153 -0.27162 -0.64510 -0.18903 -0.52793 -0.15541 -0.35222 -0.90827 0.37143 -0.30734 -0.55290 -0.01603 -0.60121 0.10899 1.02379 -0.66397 -2.99075 -1.69409 -1.14355 -1.43587 -0.61772 0.00740 -0.66938 -0.03096 2
0.34843 0.57390 -0.00597 0.56170 0.09078 0.63194 0.15105 0.64166 0.38065 0.58648 0.49976 0.58170 0.63158 0.49348 0.90114 0.35496 1.05057 0.27908 1.05303 0.24247 1.03169 0.10447 1.16621 -0.10861 1.22876 -0.52740 1.11368 -0.27019 1.10870 -0.36693 0.96527 -0.44764 0.96485 1
-2.86999 -1.29043 -0.10066 -3.08419 -2.42504 0.91453 1.69351 -2.98582 1.69437 -2.62342 1.71006 0.96443 -2.21264 1.00605 2.02935 -2.23928 -2.00862 -2.17372 1.97560 1.08924 -1.94867 -2.25984 2.00759 -2.41702 2.10959 0.88921 -1.69409 -2.39703 2.02643 -2.37005 -1.94252 1.24662 -2.16922 2
-2.86999 -3.30251 2.16791 -3.08419 -2.42504 -1.11819 -0.22954 -2.98582 1.69437 0.93091 -2.33761 -2.25463 -2.21264 -2.06192 2.02935 -0.61890 0.00729 -2.17372 -1.88290 -2.19505 1.91661 -0.60121 0.10899 1.04543 -1.82920 0.88921 1.94730 1.08084 -1.91640 1.13461 1.95731 -0.66938 -0.03096 2
0.34843 0.46231 -0.00252 0.38217 0.14578 0.89439 0.33376 0.75582 -0.54788 0.72828 -0.35482 0.81065 -0.72982 0.84360 0.28076 0.81747 -0.08629 0.77574 0.02723 1.05446 -0.67359 0.70834 -0.36758 0.81450 -0.04085 0.61697 0.07366 0.71174 -0.02583 0.71291 0.43271 1.02126 0.16561 1
0.34843 0.41406 -0.17772 0.50673 -0.43642 0.54769 -0.22954 0.44413 -0.53352 0.43286 -0.58877 0.56119 -0.42533 0.66083 -0.56361 0.64713 -0.42071 0.41666 -0.15026 0.74756 -0.31967 0.88134 0.04450 0.78446 -0.37411 0.38704 -0.29783 0.49381 -0.38447 0.65466 -0.72952 0.59168 -0.56213 1
0.34843 -0.08640 0.81430 0.43732 1.49802 0.42670 1.13023 0.64828 -0.60267 0.88312 -0.15225 0.89721 -1.92381 0.88275 1.77688 0.92778 -0.09766 0.84324 0.39622 1.06435 -1.36103 0.83632 -1.51915 -0.19060 -0.45186 0.88921 0.43751 0.43671 0.89636 0.92007 1.58697 0.90134 1.44063 2
0.34843 0.72165 2.16791 -1.15786 -0.25185 0.91453 -2.15258 -2.98582 -2.44503 0.93091 1.71006 0.96443 -2.21264 -0.52793 -0.15541 1.00148 -2.00862 1.02436 1.97560 -0.55290 -0.01603 1.05742 -1.78961 -2.41702 -1.82920 0.88921 1.94730 -2.39703 2.02643 -2.37005 1.95731 -0.66938 -0.03096 2
0.34843 0.62541 0.04895 0.64546 0.03132 0.73150 0.13877 0.66548 -1.40940 0.75360 0.92724 0.60932 0.50563 0.58043 0.67454 0.45290 0.83067 0.95196 1.20124 0.32167 0.83603 0.17458 0.95408 0.01431 1.01065 -0.38392 0.91353 0.91269 2.02643 -0.20759 0.77995 -0.31239 0.76428 1
0.34843 -2.58391 -2.36924 0.76848 1.54879 0.91453 -2.15258 0.96407 -0.85950 0.93091 1.63236 0.96443 -0.95151 1.00605 -2.34016 1.00148 0.28627 1.02436 -1.88290 1.08924 -0.08161 -1.99921 2.00759 0.24473 1.82824 0.88921 1.94730 1.08084 -1.91640 1.13461 -1.94252 1.24662 -2.16922 2
0.34843 0.01635 -0.27979 -0.03550 -0.56435 -1.38507 -0.64076 -0.42242 -0.28420 -0.16923 -0.84683 -0.17945 -0.83653 -0.47487 -0.56935 -0.29047 -0.58621 -0.33169 -0.51414 -0.39669 -0.62530 -0.49247 -0.39974 -0.63379 -0.35460 -1.05167 -0.29598 -0.70351 -0.36152 -0.70038 -0.36211 -0.64379 -0.61259 1
0.34843 -0.03620 -0.17983 -0.01968 -0.24140 0.10976 -0.37301 0.23684 -0.35540 0.26367 -0.46477 0.43373 -0.04293 0.43749 -0.33945 0.47500 0.19167 0.49905 0.04635 0.41539 0.17932 0.22910 0.16840 0.45586 0.41747 0.12220 0.16337 0.23544 0.14278 0.46405 -0.01138 0.50651 -0.22653 1
0.34843 -0.54846 -2.36924 -3.08419 -2.42504 -1.27392 1.69351 0.96407 1.59174 0.47946 -1.09720 -2.25463 -1.79402 -0.67638 2.02935 0.16996 0.94473 -0.06690 -0.48344 -0.78844 -0.40619 -0.79985 0.23990 -0.63350 0.27094 -0.98398 0.10501 -0.66510 0.02205 -0.63106 0.00950 -0.66910 -0.02401 2
0.34843 0.17289 -0.21409 0.56122 -0.17661 0.91453 1.16904 0.29978 -0.49763 0.01002 -0.65414 0.67164 0.00440 0.34364 2.02935 0.19866 0.44712 0.49377 0.23927 1.08924 -0.59582 1.03479 -1.78961 0.30573 0.78472 0.05467 0.39376 0.07701 0.21632 0.23964 0.29292 1.24662 2.10730 2
0.34843 0.63229 -0.10418 0.50690 -0.53967 0.81253 -0.23840 0.62456 -1.43442 0.79658 -0.10394 0.96443 -0.47734 0.99476 -0.21094 0.93428 -0.30554 0.76872 1.23745 1.08924 -0.33146 0.84996 -0.05230 0.79857 0.10742 0.58137 0.09440 0.77526 0.01821 0.79525 -0.03076 0.83968 -0.07456 1
0.34843 0.72165 -0.07559 0.76848 -0.22783 0.91453 -0.18492 0.95317 -0.40505 0.92110 -0.31825 0.93776 -0.14208 1.00605 -0.13609 0.96209 0.02287 0.99080 0.07832 1.05658 -0.00322 1.02627 0.14884 0.99569 0.12714 0.85105 0.15574 1.04434 0.08551 1.10945 0.04833 1.22122 0.02810 1
0.34843 -0.61974 -0.66780 -0.30172 0.23108 -0.32768 0.09098 -0.18797 -0.08787 0.04233 -0.53864 0.23871 -0.35989 0.36688 0.57284 0.28132 0.06329 -0.17492 -0.32877 0.22255 -0.12341 0.27418 0.05625 -0.01254 0.30431 -0.24485 -0.13295 -0.31997 -0.21879 0.02931 -0.28137 -0.50972 -1.10009 1
0.34843 0.72165 0.28048 0.75599 0.10312 0.80509 0.41174 0.80132 0.09263 0.77822 0.43721 0.71093 0.76002 0.71476 0.92004 0.65266 0.98120 0.46615 1.14558 0.37578 1.10627 0.32075 1.33776 0.15057 1.22801 -0.21043 1.38523 -0.03757 1.55619 -0.02331 1.31080 -0.24593 1.65153 1
0.34843 0.72165 2.16791 0.76848 1.92134 0.73179 1.69351 -1.54352 1.69437 -2.32401 1.71006 -2.25463 1.83457 -2.06192 1.42911 -2.23928 -1.15748 -2.17372 -0.76494 -2.19505 -1.94867 -1.47760 -1.78961 0.87255 -1.82920 0.88921 -1.69409 1.08084 -1.91640 1.13461 -0.66895 1.24662 0.71412 1
0.34843 0.72165 -0.47080 0.76848 -0.47284 0.91451 -0.52178 0.96407 -0.77431 0.82526 -1.02517 0.89578 -0.79176 0.90970 -0.90722 0.91213 -0.55930 0.86665 -0.79062 0.86005 -0.93033 0.77524 -0.86347 0.76981 -0.78812 0.42796 -0.93613 0.48479 -1.30120 0.58638 -1.25102 0.57079 -1.46843 1
0.34843 0.56626 0.07638 0.62745 0.10132 0.70520 0.24388 0.65027 0.35314 0.55417 0.54020 0.49309 0.76172 0.55806 1.07846 0.36076 1.30151 0.24478 1.29890 0.10236 1.27835 -0.03343 1.40655 -0.27562 1.63981 -0.68674 1.47183 -0.48952 1.45547 -0.56979 1.51024 -0.74646 1.45532 1
0.34843 0.04078 -2.36924 0.76848 1.92134 0.91453 -1.52415 0.58672 -1.21244 0.93091 -2.33761 0.96443 -1.99763 1.00605 1.44805 -0.33389 1.43822 1.02436 1.55186 1.08924 1.63189 1.05742 -1.78961 1.04543 1.82121 0.88921 -0.02944 1.01097 -0.65962 1.13461 1.28007 1.24662 0.71170 2
0.34843 0.20792 0.14067 0.55092 -0.23051 0.68162 -0.20125 0.71195 -0.40468 0.45196 -0.09848 0.76576 -0.13011 0.81024 -0.08152 0.93253 0.16455 0.94497 0.12844 0.85272 0.07563 0.80748 0.20730 0.82442 0.36368 0.56773 0.23610 0.63686 -0.01489 0.81411 0.13999 0.87825 0.12242 1
0.34843 0.72165 -0.46134 0.23515 0.34982 0.57797 -1.35237 0.96407 -0.95913 0.93091 -1.32292 0.64191 -0.44253 0.65073 0.16440 1.00148 0.80029 1.02436 0.55934 1.02937 -0.05258 0.93466 -1.62515 1.04543 0.43173 0.88921 -0.08427 1.08084 -0.16438 1.13461 1.04811 1.24662 -1.26598 1
0.34843 -0.13053 -0.13625 -0.37977 -0.25185 -0.33699 0.01933 -0.22089 -0.49707 0.15733 -0.02805 0.10602 -0.02239 0.27816 -0.27535 0.32155 0.03892 0.22798 0.04635 0.20055 0.11282 0.36144 0.26534 0.17642 0.14792 -0.10792 0.30939 0.14660 0.21736 0.17255 0.46619 0.15712 0.33799 1
0.34843 -1.16158 -0.44709 -1.24325 -0.12339 -0.94797 -0.27690 -1.04006 0.01210 -0.73245 -0.31378 -0.44689 -0.38840 -0.43726 -0.15541 -0.58698 -0.05230 -0.77948 -0.35281 -0.43964 0.01253 -0.48682 0.16511 -0.54934 0.46034 -0.50605 0.03692 -0.76088 -0.12951 -0.54004 0.11306 -0.52781 -0.26269 2
0.34843 0.55398 0.56101 0.44741 -0.61405 0.32165 0.25123 0.71721 -0.54780 0.78282 -0.22944 0.69617 0.06392 0.55863 -0.15541 0.79893 0.09129 1.02436 0.20711 0.54187 -0.17708 0.64276 0.42543 0.75688 -0.10598 0.57485 0.22680 1.08084 0.46572 0.62351 0.00740 0.68778 0.05814 1
0.34843 -0.41015 -0.00613 -0.03417 -0.47823 -0.31358 -0.22954 -0.35256 -0.50469 0.00531 -0.31378 -0.17565 0.02177 0.30298 -0.10990 0.09001 -0.45469 -0.00835 -0.39578 -0.00553 0.14501 -0.18656 0.46498 -0.00053 -0.22907 -0.19695 -0.05663 0.06647 -0.10926 0.40447 -0.60195 -0.03072 -0.16460 1
0.34843 0.61161 -0.18042 -3.08419 -0.97341 -3.15091 -0.25959 0.91008 -0.35107 0.81289 -0.35330 -2.25463 0.14296 -2.06192 -0.16395 0.92553 -0.06359 0.89945 -0.00640 -2.18222 0.21045 -2.14969 0.76906 0.97103 0.13249 0.54081 0.37710 0.91102 -0.07591 -2.37005 -0.35821 -2.58539 -0.76599 2
0.34843 0.72165 0.53558 0.76848 -0.19802 0.91453 -0.08023 0.96407 -0.28598 0.90891 0.35947 0.96443 -0.07796 1.00605 -0.05963 0.93261 -0.48858 0.77445 -0.12088 1.08924 0.06417 1.05631 0.62875 1.04543 -0.62897 0.81964 0.08702 0.85038 0.51554 1.03960 -0.42199 0.87022 -0.18768 1
0.34843 -2.65733 -2.36924 -3.08419 1.92134 0.91453 0.98808 -0.94145 -2.44503 -2.62342 -2.33761 0.96443 1.83457 0.83245 -2.34016 -2.23928 2.02320 0.76596 1.97560 1.08924 -1.94867 -2.25984 -1.78961 -1.01224 2.10959 0.88921 -1.69409 -2.39703 -1.91640 -2.37005 1.95731 1.24662 0.68773 2
-2.86999 -1.29043 -0.10066 -1.15786 -0.25185 -1.11819 -0.22954 -1.01087 -0.37533 -0.84626 -0.31378 0.96443 1.83457 1.00605 2.02935 1.00148 -2.00862 -0.57468 0.04635 1.08924 1.91661 1.05742 -1.78961 1.04543 2.10959 0.88921 0.12661 1.08084 2.02643 1.13461 -1.94252 -0.66938 -0.03096 2
0.34843 0.72165 -0.17700 0.76848 -0.24131 0.91453 -0.46149 0.74614 -0.35054 0.45253 -0.20558 0.73013 -0.17230 0.30948 -0.14887 0.73857 -0.26776 0.63316 -0.11841 0.61117 -0.54755 0.11838 -0.12002 0.31014 -0.65190 0.09351 -0.27659 0.09139 -0.28732 0.44132 -0.46409 0.40444 -0.84859 1
0.34843 0.72165 -0.13111 0.76848 -0.21782 0.91453 -0.23384 0.96407 -0.24568 0.89116 -0.22323 0.89961 -0.13019 1.00605 -0.01366 0.98335 0.07495 1.02436 0.11540 1.08556 0.16556 0.98691 0.24916 1.04543 0.33845 0.88900 0.28615 1.06528 0.22261 1.13461 0.20370 1.24662 0.18430 1
0.34843 -0.05224 0.32862 0.34771 -0.21317 0.45688 -0.17863 0.27436 -0.58868 0.53172 -0.15187 0.54532 -0.08664 0.58147 -0.02922 0.49292 -0.17259 0.41180 0.36097 0.53474 0.13033 0.45829 0.26166 0.35560 -0.00221 0.08999 0.28623 0.29966 0.56151 0.31783 0.18693 0.30029 0.16837 1
0.34843 0.56688 0.24986 0.50648 0.39483 0.35720 0.47795 0.38320 0.80088 0.17471 0.95555 0.05134 1.32212 -0.04158 1.32361 -0.30896 1.55587 -0.49975 1.51588 -0.75101 1.47150 -0.90771 1.46320 -1.19289 1.43425 -1.80345 1.19268 -1.47190 1.04331 -1.54901 0.80164 -1.74677 0.71946 1
0.34843 -1.18057 -0.06806 -1.20767 -0.15193 -1.08898 -0.14111 -1.16411 -0.35749 -0.81562 -0.44753 -0.70523 -0.10182 -0.65576 -0.25586 -0.77256 0.16949 -0.63901 0.14613 -0.51988 0.02840 -0.66318 0.08718 -0.63107 0.12322 -1.03405 0.15800 -0.61312 0.07767 -0.57241 0.02980 -0.75748 -0.04326 2
0.34843 0.72165 -0.95904 0.09166 0.39424 0.20033 -0.69730 0.69718 0.01624 0.93091 -0.86076 0.18141 -0.18903 0.42562 -0.27349 -0.09338 -0.42859 0.57396 -0.29447 0.46789 0.08843 0.65397 0.36557 -0.07753 -0.44531 0.13322 -0.27691 0.35880 -0.39894 0.66101 -1.15200 0.31451 -0.55107 1
0.34843 0.56945 0.73699 0.22864 1.23505 -0.52254 1.57963 -1.23025 1.20855 -1.40793 1.55732 -1.71731 1.40488 -1.94142 0.76905 -2.14716 0.20052 -2.17372 0.10791 -1.64380 -1.29695 -1.36435 -1.37522 -0.91927 -1.59449 -0.66734 -1.42348 0.19232 -1.32984 0.60691 -0.89050 0.78805 -0.31308 1
-2.86999 -3.30251 -2.36924 -1.15786 -0.25185 -1.11819 -0.22954 -1.01087 -0.37533 -0.84626 -0.31378 -0.64510 -0.18903 1.00605 -2.34016 -0.61890 0.00729 -2.17372 -1.88290 -0.55290 -0.01603 1.05742 2.00759 1.04543 -1.82920 0.88921 -1.69409 -0.65809 0.05502 -0.61772 0.00740 -0.66938 -0.03096 2
0.34843 0.57819 0.65169 0.30939 1.10311 -0.11596 1.39094 -0.58444 1.59488 -1.09428 1.63248 -1.40483 1.50250 -1.61318 1.27539 -2.03631 0.74814 -2.04282 0.15429 -2.02795 -0.52186 -1.82809 -0.91756 -1.56451 -1.33163 -1.48384 -1.44141 -0.52228 -1.66325 0.01349 -1.51465 0.46886 -1.31969 1
0.34843 0.72165 1.14483 0.05082 1.92134 -1.07833 1.69351 -1.97899 1.53204 -2.30981 0.87672 -2.25463 0.04904 -2.00176 -0.88365 -1.66739 -1.37617 -0.95092 -1.61811 0.02668 -1.94867 0.63463 -1.26842 0.90965 -0.28458 0.75097 0.52490 0.60349 1.17602 -0.20541 1.76614 -0.89480 1.89766 1
0.34843 0.59404 0.69577 0.29179 1.17463 -0.19186 1.47382 -0.70825 1.60695 -1.23323 1.63519 -1.55505 1.49859 -1.73596 1.11273 -2.12754 0.53183 -2.07204 -0.07747 -1.98203 -0.80743 -1.68063 -1.17188 -1.32287 -1.53283 -1.13959 -1.53425 -0.18284 -1.63571 0.34303 -1.35000 0.76433 -0.97550 1
0.34843 0.72165 -2.06754 0.76848 0.23234 0.61962 -0.99676 0.96407 -0.62556 0.93091 0.39754 0.96443 -0.03176 1.00605 -0.47803 1.00148 -2.00862 1.02436 -1.88290 0.46245 0.28938 1.05742 1.29275 1.04543 -0.19484 0.88921 0.78067 1.08084 -1.25586 1.13461 1.73167 1.24662 -0.43351 2
0.34843 -0.59236 0.36231 -0.25366 0.28037 -0.28851 0.16292 -0.08385 0.55392 -0.30223 0.88401 -0.44801 0.92602 -0.52793 0.95926 -0.71810 1.11810 -0.90101 1.10940 -1.02208 0.85168 -1.07510 0.72894 -1.74572 0.58231 -1.95440 0.39780 -1.68726 0.41711 -1.22567 0.00740 -1.17772 -0.55462 1
0.34843 0.70203 -0.23190 0.76449 -0.53456 0.88735 -0.60318 0.95171 -0.91020 0.80185 -0.92356 0.84614 -0.95729 0.84977 -1.11224 0.75716 -1.04227 0.82341 -1.05477 0.74466 -1.17250 0.63820 -1.11779 0.49632 -1.20843 0.21501 -1.20567 0.40283 -1.43050 0.34172 -1.55796 0.27320 -1.81096 1
0.34843 0.72165 -0.24090 0.76848 -0.18791 0.91453 -0.32821 0.96407 -0.41066 0.93091 -0.55109 0.71484 -0.29430 0.90468 -0.29956 0.50191 -0.14146 0.47639 -0.34658 1.00566 -0.62594 0.73982 -0.49199 0.78456 -0.54590 0.35628 -0.40456 0.61297 -0.70548 0.33478 -0.50512 0.56083 -0.87530 1
0.34843 -1.25069 -0.08467 -1.07907 -0.27023 -1.07518 -0.20784 -0.98860 -0.28484 -0.84124 -0.31092 -0.61331 -0.25183 -0.55823 -0.02290 -0.68518 0.06132 -0.61302 0.03819 -0.48111 -0.06510 -0.57079 0.10899 -0.68580 0.11520 -1.01519 0.10607 -0.64828 0.02444 -0.64739 -0.03936 -0.65588 -0.03096 2
-2.86999 -1.29043 -0.10066 -1.15786 -0.25185 0.91453 -2.15258 -1.01087 -0.37533 -2.62342 -2.33761 -0.64510 -0.18903 -0.52793 -0.15541 1.00148 2.02320 -2.17372 -1.88290 -0.55290 -0.01603 -0.60121 0.10899 1.04543 2.10959 0.88921 1.94730 -0.65809 0.05502 1.13461 1.95731 -0.66938 -0.03096 2
0.34843 0.19468 1.78981 -2.62553 -0.76929 -0.44062 -0.50426 -0.11745 -0.67101 -2.04202 -0.05456 -0.10860 -0.18903 -0.08966 -0.31146 -1.23811 1.03869 -0.19395 0.09229 0.18997 0.07600 -0.32477 -0.38825 -1.67701 -0.06135 -0.56793 -0.80339 1.08084 0.05502 -1.78595 -0.08546 -0.16758 0.01995 2
0.34843 -0.41244 -0.38938 -0.03708 -0.56794 -0.74860 -1.52323 -0.32863 -0.45059 -0.32926 -0.42418 -0.17687 0.39965 0.02988 -1.06903 -0.29483 -0.02936 0.00680 0.15159 -0.34391 0.93272 0.42412 0.41968 -0.11922 0.46247 -0.25348 -0.00133 -0.05738 -0.05252 -0.39470 -0.70167 -0.11200 -0.65300 2
0.34843 0.60762 0.77442 -0.22815 1.15060 -0.67969 1.26110 -2.11568 0.96789 -2.15558 0.53721 -1.86917 -0.18903 -1.48983 -0.83441 -1.24098 -1.24574 -0.77931 -1.29037 0.26668 -1.24558 0.58439 -0.60602 0.59283 0.03219 0.11512 0.67981 0.13349 1.24796 -0.56967 1.06969 -1.08271 1.04794 1
0.34843 0.31581 0.11297 0.34717 0.19705 0.33781 0.31023 0.35816 0.47846 0.32520 0.70061 0.28678 1.04160 0.22694 1.12147 -0.07844 1.37531 -0.10157 1.27235 -0.39527 1.30017 -0.56695 1.48046 -0.83724 1.38452 -1.28212 1.23170 -0.97503 1.15930 -1.06485 1.01552 -1.19320 0.87709 1
0.34843 0.63430 0.08407 0.72007 -0.37500 0.85690 -0.39269 0.88699 -0.51112 0.83702 -0.28789 0.89097 -0.52890 0.92340 -0.58137 0.99548 -0.64320 0.86994 -0.64629 0.94848 -0.54395 0.89388 -0.45692 1.04368 -0.66228 0.64174 -0.50310 0.94275 -0.54861 0.85338 -0.75426 0.90492 -0.91135 1
0.34843 0.06867 0.00206 0.32505 -0.48147 0.45428 -0.15696 0.29334 -0.46905 0.30051 -0.29087 0.42994 -0.47157 0.57768 -0.20487 0.62848 0.18225 0.41492 -0.10654 0.69265 -0.47550 0.62554 -0.17043 0.78411 -0.15707 0.38260 0.02099 0.50338 0.09965 0.89656 0.08099 0.73329 -0.01482 1
0.34843 0.72165 0.12100 0.76848 0.01322 0.91453 0.20457 0.93646 -0.18415 0.84081 0.07502 0.85163 0.30246 0.84101 0.46382 0.76699 0.54596 0.76302 0.68549 0.81653 0.59657 0.63992 0.86078 0.63327 0.82275 0.27718 0.90488 0.43333 0.96248 0.37745 0.92450 0.37009 1.05748 1
-2.86999 0.72165 2.16791 0.76848 -2.42504 0.91453 1.69351 -2.98582 1.69437 -0.84626 -0.31378 0.96443 1.83457 -0.52793 -0.15541 -0.61890 0.00729 -2.17372 1.97560 -2.19505 1.91661 1.05742 2.00759 1.04543 -1.82920 0.88921 1.94730 1.08084 2.02643 1.13461 -1.94252 -2.58539 2.10730 2
0.34843 0.37203 0.08436 0.36545 -0.42909 0.71992 -0.26363 0.82401 -0.35331 0.57800 -0.13436 0.87882 -0.20338 0.91901 -0.15541 0.89230 0.41477 0.94497 0.03267 0.94948 -0.00233 0.73392 0.24364 0.89195 0.45445 0.68603 0.27527 0.69237 0.18785 1.00411 0.36004 1.10394 -0.03096 1
-2.86999 0.72165 -2.36924 0.76848 1.92134 0.91453 -2.15258 0.96407 1.69437 0.93091 -2.33761 0.96443 -2.21264 1.00605 -2.34016 1.00148 2.02320 1.02436 1.97560 1.08924 1.91661 1.05742 -1.78961 1.04543 2.10959 0.88921 1.94730 1.08084 2.02643 1.13461 1.95731 1.24662 -2.16922 2
0.34843 0.39547 0.87265 0.23128 1.01697 -0.19076 1.27265 -0.68560 1.33698 -1.07750 1.44589 -1.38833 1.39944 -1.43966 0.98220 -1.89041 0.54209 -1.91810 0.12213 -1.57171 -0.62193 -1.38760 -0.81952 -1.33151 -1.19498 -1.14882 -1.01480 -0.40264 -0.85008 0.03227 -0.75633 0.25641 -0.55084 1
0.34843 0.72165 -2.19803 0.76848 1.38830 -0.12100 -0.33838 0.21881 -0.37533 0.93091 -0.31487 0.08374 -0.03631 0.42719 -0.27906 0.98330 0.00558 0.27009 0.04635 0.31464 0.12982 0.97764 0.10686 1.04543 1.70084 0.73773 0.12428 0.98242 -1.91640 1.13461 0.85358 0.16209 -0.27303 1
0.34843 -0.08318 -0.02505 0.06215 -0.10696 0.30471 -0.10133 0.37159 -0.37533 0.27928 -0.31378 0.64252 -0.18903 0.59698 -0.15541 0.51536 0.20888 0.49135 0.23927 0.65133 -0.08045 0.67041 0.10899 0.41064 0.40277 0.22830 0.31173 0.38527 0.31787 0.43368 0.33239 0.54408 0.32542 1
-2.86999 0.72165 -2.36924 -3.08419 1.92134 -3.15091 1.69351 0.96407 1.69437 0.93091 1.71006 -2.25463 -2.21264 -2.06192 -2.34016 1.00148 2.02320 1.02436 -1.88290 -2.19505 -1.94867 -2.25984 -1.78961 1.04543 0.14020 0.88921 -1.69409 1.08084 -1.91640 -2.37005 1.95731 -2.58539 2.10730 2
0.34843 0.59161 0.20889 0.64743 0.29925 0.62395 0.51620 0.55011 0.60006 0.43956 0.89935 0.40528 1.32867 0.25179 1.45227 0.05565 1.67530 -0.16630 1.70458 -0.32773 1.63860 -0.59302 1.79626 -0.81323 1.71138 -1.45807 1.54682 -1.23488 1.46367 -1.29293 1.26242 -1.57794 1.16294 1
0.34843 0.16660 -0.12525 0.37751 -0.22829 0.50799 -0.22575 0.54963 -0.35290 0.54747 -0.33371 0.69644 -0.12325 0.77784 -0.11881 0.67901 -0.00859 0.69037 -0.01068 0.69449 0.04871 0.63908 0.21374 0.57126 0.11109 0.46321 0.13775 0.63027 -0.04405 0.83594 0.06504 0.84455 -0.01411 1
-2.86999 -1.29043 -0.10066 -1.15786 -0.25185 -1.11819 -0.22954 -1.01087 -0.37533 -0.84626 -0.31378 -0.64510 -0.18903 -0.52793 -0.15541 -0.61890 0.00729 -0.57468 0.04635 -0.55290 -0.01603 -0.60121 0.10899 -0.68580 0.14020 0.88921 -1.69409 -0.65809 0.05502 -0.61772 0.00740 -0.66938 -0.03096 2
0.34843 0.09245 2.16791 0.61385 -1.90536 0.54403 -0.14592 0.49181 -0.15383 0.69613 1.17872 0.48265 0.17981 0.63667 0.14417 0.89580 -0.49838 0.55642 0.40768 0.51257 0.45905 0.39730 1.57898 1.04543 -0.92025 0.68089 0.53109 0.57777 1.11654 1.13461 -0.11978 0.41358 0.48036 2
-2.86999 -1.29043 -0.10066 -1.15786 -0.25185 -1.11819 -0.22954 0.96407 1.69437 0.93091 1.71006 -0.64510 -0.18903 -0.52793 -0.15541 -1.22654 -2.00862 -2.17372 -1.88290 -0.55290 -0.01603 -0.60121 0.10899 -2.41702 -1.82920 -2.99075 -1.69409 -2.39703 2.02643 1.13461 0.00740 -0.66938 -0.03096 2
0.34843 0.20020 0.01218 0.36537 -0.19658 0.47902 -0.15659 0.29713 -0.16944 0.35868 0.31669 0.57708 -0.04034 0.61787 0.02903 0.52640 -0.15102 0.44252 0.04635 0.59694 0.20342 0.52969 0.34033 0.47440 0.44437 0.19388 0.37437 0.48451 0.40078 0.42945 0.29398 0.43146 0.29221 1
0.34843 -0.66600 -0.33534 -0.69288 -0.47667 -0.69762 -0.36217 -0.86463 -0.48774 -0.78141 -0.38844 -0.61763 -0.23726 -0.51657 -0.18778 -0.61435 -0.01071 -0.57343 0.03626 -0.55295 -0.02181 -0.60168 0.10584 -0.68633 0.13842 -1.05126 0.12573 -0.65840 0.05454 -0.61793 0.00716 -0.66954 -0.03109 1
0.34843 0.72165 0.42243 0.76848 -1.95800 0.91453 -0.42955 0.96407 -0.05631 0.93091 0.24925 0.93417 -0.32787 1.00605 -0.01099 0.93345 -0.37480 0.76186 -0.25525 1.04655 0.05602 1.05118 0.28446 1.04543 0.11552 0.81623 0.04291 0.92721 0.13161 1.13461 -0.26017 1.18001 -0.28150 1
0.34843 0.61296 -0.16157 -3.08419 0.31603 -1.85796 0.45582 0.35694 -1.68808 0.93091 -0.38163 -1.11219 -0.20016 -1.36936 0.18218 0.87057 -0.92547 1.02436 -0.92646 -1.04120 -0.62393 -1.82634 0.81833 0.76621 -0.78018 -0.03795 -0.93176 1.08084 -1.15529 -0.78654 0.40668 -0.78659 0.86525 2
0.34843 0.72165 -1.12517 0.76848 1.92134 0.32943 -2.15258 -1.01087 -0.37533 -0.84626 -0.31378 -0.64510 -0.18903 -2.06192 0.16173 0.25763 -0.78557 -2.17372 -1.00445 -1.70200 1.91661 -0.60121 0.10899 1.04543 1.92634 -0.04949 1.94730 1.08084 -0.34122 -0.16769 1.95731 -1.28983 2.10730 2
0.34843 -0.49996 1.08764 -2.67627 -0.00537 -1.45619 -1.69832 0.30577 -0.35070 0.61356 0.50539 -1.72719 0.43280 -1.06172 -1.54640 0.13342 0.31927 0.30099 0.16118 -1.40403 0.85290 -1.39157 -0.79463 -0.12933 1.52346 -0.04255 0.83391 0.33559 0.82951 -1.57959 -0.57592 -0.18193 -1.22490 2
-2.86999 -3.30251 2.16791 0.76848 1.92134 -1.11819 -0.22954 0.96407 -2.44503 0.93091 -2.33761 0.96443 -2.21264 -2.06192 -2.34016 -0.61890 0.00729 -2.17372 -1.88290 -0.55290 -0.01603 -0.60121 0.10899 -2.41702 -1.82920 0.88921 -1.69409 1.08084 2.02643 -2.37005 -1.94252 -0.66938 -0.03096 2
0.34843 -0.62978 -0.04349 -0.86436 0.21056 -0.81493 1.19358 -1.51855 1.53550 -1.02952 0.07844 -1.63258 0.33277 -1.97069 -0.27358 -0.83145 -0.28157 -1.05943 -0.81439 -0.74026 -1.67031 -0.55696 -0.32362 -0.20206 0.01622 -0.39628 -0.08962 -0.17715 -0.16990 -0.35350 0.26666 -0.43569 0.40670 1
0.34843 0.72165 -0.43537 0.76848 -0.14497 0.04812 -0.26105 0.28418 -0.34141 0.66871 -0.38014 0.51587 -0.18903 0.52824 -0.51355 -0.30014 -0.29014 0.47362 -0.28502 0.55083 0.04734 1.05742 -0.45125 -0.14656 -0.53779 -0.03451 -0.24345 -0.08795 -0.00963 -0.12936 -0.85567 0.27291 -0.17117 2
0.34843 0.63879 0.12912 0.76848 -0.29353 0.88024 -0.18040 0.90431 -0.56814 0.91234 -0.36874 0.93192 -0.25168 1.00605 -0.27214 1.00148 -0.09711 0.92586 0.07639 1.05016 -0.19546 1.02240 0.00802 0.89943 -0.16851 0.80534 -0.00075 0.92396 0.08078 1.13461 -0.20314 1.11526 -0.17825 1
0.34843 0.60197 -0.13539 0.65617 -0.23010 0.81277 -0.25784 0.88267 -0.39727 0.83567 -0.38886 0.91893 -0.22479 0.96087 -0.24033 0.92799 -0.07464 0.94809 -0.04454 0.99448 -0.05815 0.93825 0.02513 0.90778 0.05204 0.74749 0.02051 0.91290 -0.09243 0.99427 -0.13385 1.09428 -0.18962 1
0.34843 -1.29043 -0.10066 -1.15786 -0.25185 -1.11819 -0.22954 -1.01087 -0.37533 -0.84626 -0.31378 -2.25463 1.83457 1.00605 1.04997 -0.61890 0.00729 -0.57468 0.04635 -0.55290 -0.01603 -0.60121 0.10899 -0.68580 0.14020 0.88921 1.94730 -0.65809 0.05502 -0.61772 0.00740 -0.66938 -0.03096 2
0.34843 0.36458 -0.27244 0.39211 -0.24683 0.66073 -0.25288 0.70380 -0.53085 0.44809 -0.55125 0.71695 -0.08727 0.74713 -0.31706 0.59311 0.14246 0.67776 0.16901 0.87187 -0.06184 0.70652 -0.00515 0.60312 0.09352 0.43752 0.07688 0.62952 -0.09540 0.60993 -0.07489 0.83351 -0.00500 1
0.34843 -1.17240 -0.11967 -1.02872 -0.23364 -1.11819 -0.25102 -0.99983 -0.45628 -0.81647 -0.46641 -0.65410 -0.08164 -0.42938 -0.22864 -0.61890 0.19874 -0.67742 0.19185 -0.63089 0.03255 -0.55489 0.09838 -0.67129 0.15120 -0.85028 0.11135 -0.60465 0.04952 -0.53941 0.00740 -0.57839 -0.10264 2
0.34843 0.21440 -0.08160 0.44701 -0.21580 0.56161 -0.18206 0.69854 -0.34054 0.22900 -0.19473 0.62792 -0.09330 0.66000 -0.03728 0.42958 0.39693 0.76906 0.12742 0.61770 0.12161 0.54150 0.25285 0.46351 0.30568 0.18554 0.27765 0.40866 0.08816 0.40191 0.17815 0.39074 0.15915 1
0.34843 0.54766 1.75018 -2.56356 1.92134 -1.92042 0.84228 -0.90413 0.23999 -1.17679 -0.52104 -0.69593 -0.37055 -0.50644 -0.22975 -0.60095 -0.00353 -0.56921 0.04822 -0.55212 -0.01458 -0.60126 0.10935 -0.68585 0.14023 -1.05079 0.12661 -0.65809 0.05502 -0.61772 0.00740 -0.66938 -0.03096 2
-2.86999 0.72165 2.16791 0.76848 -2.42504 -1.11819 -0.22954 -1.01087 -0.37533 0.93091 1.71006 0.96443 1.83457 -2.06192 -2.34016 1.00148 -2.00862 -2.17372 1.97560 -0.55290 -0.01603 1.05742 -1.78961 1.04543 -1.82920 0.88921 1.94730 -2.39703 -1.91640 -0.61772 0.00740 -0.66938 -0.03096 2
0.34843 0.72165 -0.31672 -3.08419 -2.42504 -3.15091 -2.15258 0.96407 0.28172 0.59945 1.22818 -2.25463 -2.21264 -2.06192 2.02935 0.14857 2.02320 1.02436 1.97560 0.57753 -1.94867 -2.25984 -1.78961 0.75003 0.85918 0.88921 1.94730 1.08084 1.05638 -2.37005 -0.62711 -2.58539 1.52636 2
0.34843 -0.08546 0.23257 0.18803 -0.55470 0.61210 -0.49753 0.58842 -0.32466 0.05070 -0.25660 0.44004 -0.28050 0.71139 -0.45577 0.21417 -0.48624 0.72924 -0.22978 0.60062 -0.02332 -0.04834 0.22699 0.28578 -0.51256 0.14123 -0.17994 0.25887 0.01417 0.32610 -0.60219 0.62239 -0.50211 1
0.34843 0.72165 1.06800 -0.28224 0.47254 -0.99499 0.46976 -1.64491 1.13684 -1.65407 0.66748 -1.57181 -0.18903 -1.41114 -0.42022 -1.15902 -0.97012 -0.72005 -1.59058 0.24329 -1.12877 0.35376 -0.69647 1.04543 -0.63563 0.36466 0.35112 1.02815 1.19008 -0.19292 0.71647 -0.49520 0.68178 1
0.34843 0.69056 -0.16273 0.73107 -0.34104 0.91453 -0.37636 0.93879 -0.34520 0.84699 -0.36648 0.94029 -0.33995 0.99657 -0.31159 0.95928 -0.18487 0.98061 -0.18948 1.07765 -0.11754 0.97910 -0.06025 0.99958 -0.02407 0.82428 -0.10848 0.96727 -0.23904 1.08435 -0.29981 1.18489 -0.43296 1
0.34843 0.60036 0.53640 0.39257 0.89605 0.06418 1.17719 -0.32041 1.29101 -0.65438 1.51583 -0.96725 1.61876 -1.13739 1.63965 -1.57225 1.27463 -1.79483 0.82515 -1.88734 0.34900 -1.94996 0.02765 -1.98894 -0.38924 -2.27756 -0.71889 -1.46534 -1.15634 -1.08014 -1.37383 -0.84062 -1.55497 1
0.34843 -1.08651 0.14459 -1.15786 -0.25185 -1.11819 -0.22954 0.07002 1.33077 -0.29389 1.71006 -0.64510 -0.18903 -0.52793 -0.15541 -0.01674 -2.00862 -0.04527 -1.88290 -0.55290 -0.01603 -0.60121 0.10899 -1.42274 -1.82920 0.88921 -1.69409 0.30537 -0.41120 -0.61772 0.00740 -0.66938 -0.03096 2
0.34843 0.68507 -0.10066 0.54939 -0.18381 0.63501 -0.14161 0.56908 -0.37533 0.38161 -0.22179 0.63195 -0.01832 0.65504 0.05387 0.39751 0.52044 0.51558 0.29189 0.60767 0.22763 0.53667 0.36517 0.60474 0.58778 0.20209 0.40131 0.51174 0.10878 0.44621 0.32845 0.45800 0.33419 1
0.34843 0.48253 0.52263 0.23151 0.68004 0.13313 0.99472 -0.24410 1.49779 -0.67154 1.63169 -0.96857 1.61602 -1.07613 1.53778 -1.67400 1.26139 -1.83421 0.92483 -1.89710 0.35300 -1.99352 -0.04440 -2.04193 -0.37886 -2.36137 -0.70201 -1.60985 -1.14475 -1.15239 -1.29320 -1.03940 -1.64742 1
-2.86999 -1.29043 -0.10066 0.76848 1.92134 0.91453 1.69351 -1.01087 -0.37533 -0.84626 -0.31378 -2.25463 -2.21264 -0.52793 -0.15541 -2.23928 -2.00862 -0.57468 0.04635 -0.55290 -0.01603 1.05742 2.00759 -0.68580 0.14020 0.88921 1.94730 -0.65809 0.05502 -2.37005 1.95731 -0.66938 -0.03096 2
0.34843 0.72165 -0.11454 0.76848 -0.46556 0.91453 -0.37663 0.96407 -0.59482 0.93091 -0.53787 0.96443 -0.98813 1.00605 -0.49658 0.87386 -0.63546 0.80806 -0.61990 0.95283 -0.86779 0.99207 -0.78081 0.73162 -0.65489 0.55322 -0.64229 0.65974 -0.69868 0.79199 -0.78378 0.75525 -0.99401 1
0.34843 -1.29043 -0.10066 -3.08419 -1.61587 0.91453 0.75245 -0.85329 -0.85972 -2.62342 -1.04580 -0.43963 -1.38383 1.00605 -2.34016 -0.61890 0.00729 0.75219 -0.10759 -0.96344 1.91661 -0.31890 -1.23417 -0.68580 0.14020 -1.42226 -0.72564 -1.04657 -0.90971 0.68720 1.77063 -1.96371 0.94719 2
0.34843 -1.12276 -0.56992 -3.08419 1.92134 -3.15091 1.69351 0.40862 0.60101 -2.30608 -1.58318 -2.25463 -2.21264 -2.06192 2.02935 -0.66351 1.19974 -1.24808 -0.76612 -1.77840 -1.94867 -2.25984 -0.77957 -2.41702 0.60911 0.88921 -1.69409 -2.39703 -0.71214 -2.37005 -1.94252 -2.58539 1.28317 2
0.34843 0.72165 0.44554 0.76491 -0.24383 0.51295 -0.80901 0.76498 -0.86142 0.40919 -0.80105 0.54362 -0.80702 0.56874 -0.94362 0.14582 -1.22622 0.07250 -1.01588 0.44948 -0.77610 0.28078 -0.51149 -0.27089 -0.88669 -0.48414 -0.75443 -0.43591 -0.71665 -0.34336 -0.99348 -0.31774 -1.02746 1
0.34843 -0.44536 -1.48449 -1.15786 -0.25185 0.91453 -2.15258 0.76658 1.69437 -0.08207 0.98148 -0.64510 -0.18903 -0.52793 -0.15541 0.46675 -0.57732 0.76852 -1.88290 -0.55290 -0.01603 -0.60121 0.10899 -0.32224 1.47939 0.88921 0.52716 -0.65809 0.05502 -0.61772 0.00740 -0.66938 -0.03096 2
0.34843 0.38923 0.55707 0.17624 0.78481 -0.11740 1.08546 -0.57656 1.42036 -0.99014 1.40670 -1.21742 1.38293 -1.33688 1.12104 -1.75884 0.63809 -1.78709 0.12234 -1.72252 -0.31206 -1.56844 -0.63465 -1.32980 -0.90268 -1.37960 -0.98152 -0.51159 -1.15717 -0.17676 -0.93769 0.10834 -0.78660 1
0.34843 -1.29043 -0.10066 -1.15786 -0.25185 -1.11819 -0.22954 -2.68958 -2.44503 -0.84626 -0.31378 0.96443 -2.21264 -0.52793 -0.15541 -2.23928 -2.00862 -2.17372 -1.88290 1.08924 -1.94867 -1.59639 -1.78961 1.04543 2.10959 -2.99075 -0.23753 1.08084 -1.91640 -0.61772 1.95731 -0.66938 -0.03096 2
0.34843 0.22998 1.02541 0.45159 0.92821 -0.00190 1.15627 -0.31520 1.08985 -0.60689 1.60379 -0.80313 1.70867 -1.10477 1.64096 -1.47352 1.44183 -1.66775 1.35803 -1.70508 0.46628 -1.91397 0.16585 -2.39950 -0.43288 -2.41559 -0.47044 -1.75905 -0.32320 -1.21581 -1.17141 -1.04509 -1.37713 1
0.34843 0.48634 -0.59966 0.76848 0.53861 0.55683 0.13980 0.66953 -0.25320 0.76311 -0.40064 0.72611 0.31687 0.66699 0.39782 0.50250 1.17531 0.56112 0.79984 0.64875 0.51689 1.05742 0.77105 0.29684 1.16505 0.30355 1.09585 0.74872 1.20995 0.13624 1.39034 0.33386 1.12765 1
0.34843 -0.10451 -1.48284 0.48781 0.94988 0.53088 -0.08944 0.10740 -0.03952 -0.26368 0.17542 0.16499 0.05890 0.45239 0.27866 0.54541 0.86839 0.29368 0.31465 0.51830 0.52153 0.54115 0.24730 0.21222 0.66510 -0.09993 0.63070 0.14557 0.61833 0.14426 0.57919 0.11275 0.60928 1
0.34843 -1.29043 -0.10066 -1.80649 1.60379 -1.11819 -0.22954 0.34925 -2.44503 0.87898 0.32140 -1.06435 -1.38725 -0.99183 1.27703 0.90677 0.33772 -0.57468 0.04635 -0.55290 -0.01603 -0.90048 -1.78961 -0.68580 0.14020 0.88921 -1.69409 -0.65809 0.05502 -0.53979 1.21403 -0.66938 -0.03096 2
0.34843 -1.21292 -0.04240 -1.14961 -0.25185 -1.07760 -0.26794 -0.96861 -0.47867 -0.93245 -0.33976 -0.62213 -0.23521 -0.52793 -0.22709 -0.69519 -0.05022 -0.60206 0.11515 -0.51776 -0.00776 -0.51603 0.06566 -0.59688 0.17671 -0.97329 0.15517 -0.62337 0.06907 -0.66272 -0.02875 -0.69673 0.01174 2
0.34843 0.05897 -0.04331 0.12558 -0.14252 0.04447 0.13125 -0.83755 0.33004 0.28440 -0.06826 0.35440 0.10004 0.67834 0.08439 0.32696 0.37320 -0.34450 0.84166 0.33202 0.39612 0.25165 0.53855 0.15970 0.60741 -0.15514 0.57483 0.09718 0.55390 0.09483 0.51032 1.24662 0.67543 1
0.34843 0.64259 0.06014 0.76848 -0.15849 0.91453 -0.05044 0.76992 -0.48180 0.74010 -0.26156 0.69483 -0.31332 0.81482 0.05938 0.62140 0.01294 0.62790 -0.05580 0.53027 -0.16881 0.46293 -0.00358 0.27810 -0.01155 0.07541 0.08646 0.20553 0.03035 0.28140 0.00711 0.32884 -0.03485 1
0.34843 -0.94459 -2.36924 -3.08419 1.92134 -1.11819 -0.22954 -1.01087 -0.37533 -2.62342 1.71006 -0.64510 -0.18903 -1.46910 -1.63466 0.68584 0.73596 0.25649 0.32368 -0.55290 -0.01603 -2.25984 -0.40521 -2.15374 2.03574 0.88921 1.94730 -2.39703 1.38982 -0.61772 0.00740 -0.66938 -0.03096 2
0.34843 0.42529 0.02243 0.76848 -0.07649 0.91453 1.69351 0.79567 -0.39137 0.64161 -0.23533 0.96443 0.36044 1.00605 2.02935 0.70001 0.10105 0.87562 0.27068 1.08924 0.96324 1.05742 -1.78961 0.70991 0.21653 0.88921 1.43046 0.81124 0.19256 1.13461 1.71001 1.24662 2.10730 2
-2.86999 -1.29043 -0.10066 0.76848 1.92134 -1.11819 -0.22954 0.96407 1.69437 -0.84626 -0.31378 0.96443 -2.21264 -0.52793 -0.15541 -0.61890 0.00729 -0.57468 0.04635 -0.55290 -0.01603 -0.60121 0.10899 -0.68580 0.14020 0.88921 -1.69409 -0.65809 0.05502 -2.37005 1.95731 -0.66938 -0.03096 2
0.34843 0.52277 0.27608 0.36971 0.56047 0.36549 0.74189 0.16983 1.13549 -0.05892 1.32860 -0.25218 1.58148 -0.42918 1.70247 -0.82325 1.76912 -1.03423 1.58236 -1.31872 1.25804 -1.54887 1.13053 -1.86578 0.92699 -2.44453 0.59698 -1.91654 0.27617 -1.87020 -0.10034 -1.96650 -0.45656 1
0.34843 0.67161 -0.08455 0.74110 -0.20938 0.91453 -0.19196 0.95005 -0.34224 0.85515 -0.26705 0.91869 -0.11715 1.00605 -0.07392 0.96695 0.05025 1.00164 0.15601 1.04257 0.07666 0.96609 0.21353 1.01774 0.21015 0.84148 0.24453 0.99127 0.21610 1.11905 0.12862 1.22620 0.18173 1
0.34843 -1.70291 0.55155 -0.71480 -0.03453 -0.54395 0.38103 -0.37395 0.34906 -0.20141 -1.01437 -0.49622 0.36746 -0.67366 0.30339 -0.76069 0.48103 -1.12134 0.65229 -1.34113 -0.17064 -0.10515 0.73887 -1.68991 -0.33246 -0.42629 -0.39184 -1.47539 0.41973 -1.09267 -0.60152 0.10555 0.03425 2
-2.86999 0.72165 -2.36924 0.76848 -2.42504 0.91453 -2.15258 0.96407 -2.44503 0.93091 1.71006 0.96443 1.83457 1.00605 -2.34016 1.00148 2.02320 1.02436 1.97560 1.08924 1.91661 1.05742 -1.78961 1.04543 -1.82920 0.88921 -1.69409 1.08084 1.34876 -0.61772 0.00740 1.24662 -2.16922 2
0.34843 -1.82699 0.80677 -1.68381 0.01239 -1.47957 -0.31500 -0.88858 -0.51771 -0.76698 -0.26166 -0.65935 -0.13387 -0.55226 -0.15903 -0.62041 -0.01051 -0.56716 0.04340 -0.55064 -0.01143 -0.60310 0.11093 -0.68699 0.13921 -1.05040 0.12582 -0.65764 0.05512 -0.61772 0.00769 -0.66954 -0.03092 2
-2.86999 0.72165 2.16791 0.76848 -2.42504 0.91453 1.69351 0.96407 1.69437 0.93091 1.71006 0.96443 -2.21264 1.00605 2.02935 1.00148 -2.00862 1.02436 -1.88290 1.08924 1.91661 1.05742 2.00759 1.04543 -1.82920 0.88921 1.94730 1.08084 2.02643 1.13461 1.95731 1.24662 2.10730 2
-2.86999 0.72165 -2.36924 -1.15786 -0.25185 -1.11819 -0.22954 0.96407 1.69437 0.93091 -2.33761 -1.80195 1.83457 -0.52793 -0.15541 -2.23928 2.02320 1.02436 1.97560 -2.19505 1.91661 1.05742 1.17695 -2.41702 2.10959 0.88921 1.94730 1.08084 -1.91640 1.13461 1.95731 1.24662 2.10730 2
0.34843 -1.29043 -0.10066 -3.08419 -2.42504 -3.15091 1.69351 -1.01087 -0.37533 -2.62342 1.71006 0.96443 1.83457 1.00605 -2.34016 -0.61890 0.00729 -0.57468 0.04635 -2.19505 -1.94867 -2.25984 2.00759 1.04543 1.00181 0.88921 -1.69409 -0.65809 0.05502 -2.37005 -1.94252 -2.58539 2.10730 2
0.34843 -1.30333 -1.23495 -1.15786 -0.25185 -1.15728 1.69351 -1.01087 -0.37533 -0.84626 -0.31378 -0.64510 -0.18903 -0.52793 -0.15541 -0.61890 0.00729 -0.07242 1.83957 -1.13186 1.42106 -1.17535 -1.42449 -0.68580 0.14020 -2.24460 -0.80708 -0.65809 0.05502 -0.61772 0.00740 -0.66938 -0.03096 2
0.34843 0.72165 -0.09084 0.76848 -0.27812 0.91453 -0.28646 0.96407 -0.52050 0.89251 -0.44039 0.96443 -0.32146 0.96403 -0.32837 0.88094 -0.26818 0.93136 -0.23005 1.08249 -0.29140 0.97142 -0.14855 0.86311 -0.27044 0.67711 -0.19946 0.83120 -0.31072 0.85033 -0.38456 0.93752 -0.47499 1
0.34843 -0.33735 -0.33945 0.45604 -0.21369 0.57212 -0.17925 0.34041 -0.48426 0.36970 -0.31378 0.64020 -0.08729 0.67341 -0.02965 0.74564 0.96219 1.02436 0.14789 0.63847 0.13145 0.56482 0.26356 0.04313 0.55481 0.21834 0.28989 0.25714 -0.36003 0.43631 0.19330 0.43075 0.17686 1
0.34843 0.71056 -0.08873 0.46184 -0.49770 0.67542 -0.54551 0.94553 -0.50483 0.86843 -0.46548 0.72656 -0.12901 0.80910 -0.61088 0.90233 -0.25431 0.99715 -0.12603 0.92299 -0.01458 0.85566 -0.00269 0.93061 -0.25116 0.64824 -0.19759 0.98162 -0.27186 0.78858 -0.49453 0.79801 -0.62527 1
0.34843 0.05096 -0.13165 0.71847 -0.10340 -0.11016 0.73462 0.48383 -0.38098 0.31182 -0.59855 0.00135 -1.17872 0.07351 1.12798 0.62516 0.64898 0.68140 0.26511 0.22779 -0.88466 1.05742 0.12196 0.36429 0.27740 0.28114 0.43773 0.86466 0.20853 0.35181 0.48688 -0.40241 0.99726 1
0.34843 0.64831 -0.26395 0.76848 -0.56333 0.91453 -0.63940 0.96407 -1.12403 0.79887 -1.19554 0.87607 -1.01199 0.85866 -1.16872 0.97401 -0.70346 0.77710 -1.22734 0.68439 -1.18700 0.55381 -1.11038 0.78758 -1.14858 0.06621 -1.14264 -0.21579 -1.20509 0.17283 -1.41173 0.07585 -1.60087 1
0.34843 0.13553 -0.66288 0.08170 -0.15736 -0.19905 0.50624 0.27713 0.00262 0.04233 0.23179 0.28563 -0.65533 0.24573 0.67100 0.00812 -0.85167 0.00237 -0.45693 -0.11023 0.21084 0.28194 0.03599 -0.14386 -0.09956 -0.08214 0.04897 0.18265 -0.03267 0.50987 -0.48431 0.29696 0.28514 1
0.34843 -0.01256 -0.20021 0.31637 -0.18735 0.13055 0.46330 0.27991 -0.38489 0.29474 -0.14551 0.63361 -1.06764 0.58446 1.04544 0.34658 0.28664 0.44087 0.46963 0.48623 -0.50700 0.57560 0.40060 0.43370 0.59503 0.28345 0.44894 0.41419 0.20526 0.54435 0.39428 0.65368 0.75423 1
0.34843 0.54410 -0.30084 0.71182 0.13165 0.55582 -0.05985 0.78980 -0.43620 0.87864 -0.67092 0.91709 0.10856 0.91582 -0.09115 1.00148 0.00729 1.02436 0.04635 0.70286 0.21134 0.86228 0.16483 0.79083 0.19812 0.74687 0.17394 0.97856 -0.17692 1.08307 0.12209 1.07756 0.09481 1
0.34843 0.58376 0.56362 0.38161 0.95983 0.10047 1.14729 -0.49338 1.54227 -0.76387 1.64424 -1.01911 1.73602 -1.38583 1.61464 -1.80711 1.26492 -2.02973 0.74474 -2.06785 0.10070 -2.15399 -0.26765 -2.12604 -0.78357 -2.31496 -1.13980 -1.37493 -1.63498 -0.85586 -1.82461 -0.47765 -2.05853 1
0.34843 0.48241 -0.10066 0.66864 -0.31148 0.78440 -0.25300 0.77140 -0.33748 0.75753 -0.27676 0.86628 -0.17052 0.94058 -0.14874 1.00148 0.06261 0.93173 0.02281 0.93905 0.03110 0.91582 0.21319 1.04015 0.23626 0.68873 0.16714 0.92180 0.07305 1.13461 0.11441 1.19989 -0.05705 1
0.34843 0.63521 -0.37504 0.06186 -0.52763 0.84064 -0.58034 0.90534 -0.20023 0.78879 -0.33652 0.69955 -0.68925 1.00605 -0.84131 0.98970 -0.42040 1.00322 -0.35914 1.08924 -0.54103 0.94340 -0.64016 1.04543 -0.23858 0.67179 -0.44810 0.75789 -0.41276 0.94352 -0.61379 0.66284 -0.91990 1
0.34843 -1.29043 -0.10066 0.76848 0.87221 -1.11819 -0.22954 -0.79381 -2.44503 -0.84626 -0.31378 -0.64510 -0.18903 -2.06192 -0.64510 -1.52163 -1.67190 0.65562 1.26461 -0.55290 -0.01603 0.28529 0.78618 -2.24913 1.02304 0.88921 -1.69409 -2.39703 1.66316 -0.61772 0.00740 -0.66938 -0.03096 2
0.34843 0.48380 0.88596 -0.01028 1.43574 -0.71831 1.58846 -1.48689 1.54005 -1.95745 1.12835 -2.03643 0.49195 -1.94509 -0.27203 -1.87236 -0.89396 -1.32543 -1.36750 -0.72101 -1.60499 -0.16360 -1.36375 0.28341 -0.96089 0.34887 -0.31824 0.60225 0.24425 0.40103 0.76621 -0.00359 1.20187 1
0.34843 0.72165 0.44761 0.76848 0.80410 0.91453 1.17377 0.96407 1.69437 0.93091 1.71006 0.96443 1.83457 1.00605 1.52965 1.00148 2.02320 1.02436 1.97560 0.66997 1.91661 0.88570 2.00759 0.43306 2.10959 -0.30863 1.94730 -0.46996 2.02643 -0.92210 1.95731 -2.22869 2.10730 1
0.34843 0.18891 -0.96937 0.38612 -0.02849 0.48412 0.06404 0.08680 -0.26663 0.93091 0.11578 0.51291 0.39688 0.52742 0.56392 0.18597 0.35578 0.45403 -0.00854 0.38967 0.80588 0.27985 0.96093 0.95073 1.27356 -0.19381 1.00418 -0.44119 2.02643 -0.00318 0.97692 -0.08332 1.03455 1
0.34843 0.72165 2.16791 -1.15786 -0.25185 -1.11819 -0.22954 -1.01087 -0.37533 0.00223 -2.11697 -1.47407 0.73149 -1.99272 0.46880 0.42887 2.02320 -0.57468 0.04635 -0.55290 -0.01603 0.42764 0.49442 -2.41702 -1.82920 0.88921 -1.69409 1.08084 2.02643 -0.61772 0.00740 -0.66938 -0.03096 2
0.34843 -0.49779 -0.65061 0.04909 -0.22425 -0.19422 -0.05471 0.24590 -0.18717 -0.46928 -0.74307 0.28160 0.11758 0.07636 -0.15541 0.29104 0.09924 0.24907 0.10481 0.74091 0.33536 -0.09860 -0.17869 0.15430 0.25696 -0.15136 0.23843 -0.07845 -0.00472 0.11573 0.13239 0.08541 0.48740 1
0.34843 0.48438 -0.43276 0.64149 -0.49214 0.75395 -0.54588 0.73314 -0.72793 0.72586 -0.95754 0.72733 -0.82572 0.73171 -0.94026 0.68844 -0.67070 0.62849 -0.86082 0.60571 -0.92733 0.49597 -0.84192 0.37539 -0.80681 0.05121 -0.86802 0.21449 -1.12495 0.20719 -1.11141 0.13896 -1.27299 1
0.34843 0.72165 1.03363 0.76848 0.29145 -0.61001 1.69351 -0.67807 1.51182 -1.08326 1.31448 -1.19406 1.04118 -1.20013 0.67165 -1.32641 0.34413 -1.16114 0.05943 -0.98769 -0.19045 -0.86955 -0.13714 -0.82052 -0.11078 -1.09130 -0.05987 -0.64013 -0.08369 -0.57875 -0.07337 -0.62629 -0.07409 1
-2.86999 -3.30251 2.16791 -1.15786 -0.25185 -1.11819 -0.22954 -2.98582 1.69437 0.93091 1.71006 -0.64510 -0.18903 -0.52793 -0.15541 1.00148 -2.00862 -2.17372 1.97560 1.08924 1.91661 -0.60121 0.10899 -2.41702 -1.82920 0.88921 -1.69409 1.08084 2.02643 -2.37005 1.95731 -0.66938 -0.03096 2
0.34843 -0.28439 -0.10066 -0.41244 -0.02508 -0.11951 -0.10411 -0.08350 -0.45632 -0.21266 -0.56896 0.08968 -0.09224 0.24573 -0.09841 -0.04120 0.40170 0.09970 0.33155 0.13966 -0.06646 -0.06757 -0.10563 0.13465 0.12306 -0.24007 0.25238 0.01481 0.13216 -0.00060 0.29565 0.18866 0.34090 1
0.34843 0.72165 0.05031 0.76848 -0.65145 0.91453 -0.75491 0.96407 -1.26752 0.93091 -1.15061 0.90378 -1.23876 0.86356 -1.44478 0.82696 -1.33276 0.54267 -1.32336 0.60719 -1.49102 0.44507 -1.42022 0.28138 -1.61509 -0.13489 -1.44829 0.04275 -1.59456 -0.07457 -1.72984 -0.22880 -1.93739 1
0.34843 0.72165 0.08112 0.70635 -0.26232 0.84711 -0.24342 0.72669 -0.45653 0.93091 -0.28506 0.90304 -0.21809 0.94388 -0.19191 0.97712 0.02749 0.88288 -0.12435 1.00740 -0.06172 0.96845 0.05980 1.01364 0.17964 0.76839 0.07137 1.08084 -0.06017 1.00799 -0.06015 1.09767 -0.10950 1
0.34843 0.08076 0.13459 0.32613 -0.17672 0.20684 -0.07285 0.19361 -0.38556 0.55792 -0.07391 0.31664 -0.08911 0.43033 0.05499 0.64940 -0.34612 0.60585 -0.16324 0.24587 0.00306 0.41035 0.26369 0.46836 -0.11268 0.18641 0.08198 0.67294 0.09882 0.45532 -0.13222 0.31464 -0.13127 1
0.34843 0.48227 -0.12010 0.57234 -0.30542 0.79470 -0.26457 0.75029 -0.63932 0.61472 -0.53502 0.78501 -0.16517 0.86465 -0.45513 0.79306 -0.11586 0.87696 0.00086 0.89212 -0.29775 0.77298 -0.12706 0.87471 -0.24398 0.66116 -0.14473 0.80873 -0.19855 0.93176 -0.35416 1.08850 -0.39077 1
0.34843 0.23967 -0.07589 0.50524 -0.24624 0.62631 -0.22215 0.56885 -0.32765 0.60221 -0.06954 0.69235 -0.17398 0.72709 -0.13675 0.72240 -0.13330 0.64908 0.12122 0.71120 0.00615 0.64394 0.13238 0.64963 0.13423 0.32440 0.15164 0.49241 0.07175 0.54404 0.03633 0.55470 0.00165 1
0.34843 0.72165 0.12170 0.76848 0.29364 0.88180 0.40592 0.57629 0.72203 0.48621 0.90653 0.27132 1.26679 0.32053 1.46304 -0.14167 1.66423 -0.23669 1.58545 -0.39347 1.57186 -0.62997 1.62540 -0.94797 1.62898 -1.49385 1.38629 -1.20956 1.25655 -1.32375 1.07053 -1.48972 0.92129 1
0.34843 0.72165 2.16791 0.76848 -2.42504 0.91453 -2.15258 0.96407 1.69437 0.93091 1.71006 0.96443 1.83457 1.00605 -2.34016 1.00148 2.02320 1.02436 1.97560 1.08924 1.91661 1.05742 2.00759 1.04543 2.10959 0.88921 1.03695 -0.65809 0.05502 1.13461 -1.94252 1.24662 -2.16922 2
0.34843 0.49638 0.76453 0.11210 1.25702 -0.52569 1.46067 -1.14371 1.49020 -1.54996 1.31422 -1.68444 0.95435 -1.80053 0.43242 -1.89803 -0.15811 -1.57856 -0.55060 -1.31875 -1.09068 -0.87404 -1.11253 -0.52026 -1.06222 -0.46090 -0.75446 0.09360 -0.53321 0.20638 -0.17708 0.13825 0.23752 1
0.34843 -0.33797 0.34232 -1.03818 -0.65048 0.14852 -0.21019 -0.11105 -0.46718 0.15800 -0.27785 0.07396 0.36776 0.57037 -0.23943 0.28237 0.25779 0.08764 0.26895 0.31361 0.03889 0.24772 -0.09323 0.14396 0.09358 -0.14841 0.18594 0.27311 0.55079 -0.05780 -0.27528 -0.00616 -0.03729 1
0.34843 0.59426 -0.10497 0.01260 0.68706 0.75830 -1.00124 0.82826 -0.02704 0.86333 -0.13040 0.95921 -0.02366 0.87698 -0.04405 0.75239 -0.50322 0.82255 -0.23304 0.84080 0.48902 0.64410 0.03986 0.77790 0.08921 0.64269 0.08469 1.05552 0.24003 0.75465 -0.19138 0.97534 -0.34582 1
-2.86999 0.72165 2.16791 -3.08419 -2.42504 -3.15091 -2.15258 -1.01087 -0.37533 -0.84626 -0.31378 -2.25463 -2.21264 -0.52793 -0.15541 -0.61890 0.00729 -0.57468 0.04635 -2.19505 1.91661 1.05742 2.00759 -0.68580 0.14020 0.88921 -1.69409 -0.65809 0.05502 -2.37005 -1.94252 -2.58539 -2.16922 2
0.34843 -1.11546 -0.08510 -0.88896 -0.34136 -0.90423 -0.38796 -0.76231 -0.50320 -0.43145 -0.33693 -0.44621 -0.03160 -0.30328 -0.45037 -0.14799 -0.08957 -0.27097 0.18763 -0.36126 -0.01603 -0.41523 0.10464 -0.42433 -0.06259 -0.88651 0.15160 -0.46310 -0.07581 -0.44930 -0.13539 -0.44579 -0.17775 2
0.34843 -0.00025 -0.06883 -0.50009 -0.30485 -0.04591 -0.16288 -0.62552 -0.12293 -0.07651 -0.21754 -0.29179 -0.09032 -0.07897 -0.15541 -0.02609 0.00729 -0.06767 0.18751 -0.11233 0.21965 -0.20815 0.21936 -0.30578 0.33233 -0.67628 0.22931 -0.35534 0.16352 -0.27581 0.00740 -0.34226 0.12549 1
0.34843 0.72165 1.43707 0.40843 1.53062 -0.24373 1.69351 -0.60366 1.29163 -1.62594 1.71006 -1.91880 1.37101 -2.06192 0.72435 -1.25160 -1.17472 -2.14025 -0.77979 -1.75303 -1.49139 -1.22604 -1.74197 0.03034 -1.82920 -0.24029 -1.57203 -0.20992 -1.91640 1.02193 -0.67940 1.22394 0.04272 1
0.34843 0.54541 -0.00205 0.65658 -0.20230 0.80690 -0.12675 0.83732 -0.34799 0.78716 -0.18530 0.84800 0.05516 0.88407 -0.01971 0.82160 0.26376 0.76442 0.32491 0.77696 0.21297 0.67661 0.37901 0.62569 0.36272 0.37608 0.36843 0.49634 0.35664 0.62512 0.21709 0.58097 0.21380 1
0.34843 0.21565 -0.16443 0.10736 -0.36438 0.52061 -0.17548 0.68653 -0.32328 0.28157 -0.13714 0.50729 -0.03038 0.59305 -0.04228 0.65391 -0.55335 0.48031 0.01782 0.73943 0.11834 -0.02708 -0.24489 0.44616 0.19555 0.13279 0.00577 0.27311 -0.36202 0.41657 -0.26662 0.41050 0.03231 1
0.34843 0.71237 -0.23426 0.48421 -0.20173 0.57706 -0.95468 0.96407 -0.29751 0.66865 -0.67311 0.31667 -1.09854 0.40068 -0.99049 0.74799 -0.76968 0.35616 -0.57471 0.38264 -0.58952 0.01158 -0.79013 0.29773 -0.86756 -0.25387 -0.71397 -0.28829 -0.61704 0.12294 -1.05505 -0.31222 -0.99959 1
0.34843 0.61503 -0.10143 0.63762 -0.32198 0.81649 -0.29552 0.87686 -0.32471 0.82648 -0.27804 0.84524 -0.09417 0.91330 -0.18733 0.91782 0.04769 0.92497 0.07322 0.94812 0.13234 0.88276 0.22572 0.94134 0.20308 0.74350 0.17289 0.94382 0.09922 1.00247 0.01602 1.10670 -0.04330 1
0.34843 -1.29043 -0.10066 0.74765 -0.74523 -0.73362 -0.33348 -1.01087 -0.37533 0.81083 -0.16610 0.96443 -0.59375 1.00605 -0.00188 1.00148 -0.22153 -0.57468 0.04635 1.08924 -0.42345 1.05742 -0.68124 -0.68580 0.14020 0.88921 -0.19325 -0.65809 0.05502 1.13461 -0.49853 -0.11529 -0.36616 2
0.34843 -1.29043 -0.10066 -1.15786 -0.25185 -1.11819 -0.22954 -1.01087 -0.37533 0.93091 -0.98838 -0.37684 0.33796 -0.52793 -0.15541 -0.61890 0.00729 -0.57468 0.04635 -0.87792 -0.43880 -0.87766 1.82959 -2.41702 1.12489 -0.96993 1.49213 -1.05660 -1.91640 -0.83676 -0.52070 -1.04860 -2.03558 2
0.34843 0.21267 -0.40104 -0.12236 0.11751 0.36015 -0.04712 0.36300 -0.60439 0.34086 -0.78974 0.77040 -0.57696 0.60284 -0.06474 0.40263 -0.00067 0.44289 -0.18242 0.74848 -0.50491 0.50017 -0.43507 0.47748 -0.06608 0.14905 -0.09262 0.38664 -0.35798 0.04026 0.14227 0.50067 -0.06053 1
0.34843 -0.11419 -0.90659 0.76848 0.51611 0.41399 -0.24038 0.61883 0.02538 0.04567 -0.87300 0.41682 -0.05970 0.54182 0.16492 0.55373 -0.85288 0.64264 0.13338 0.54597 0.37995 0.80487 -0.66900 0.43690 0.04765 0.05183 -0.06586 0.26041 -0.20809 -0.34432 -0.23084 0.18836 -0.25140 1
0.34843 -0.13268 -0.17269 0.29071 -0.36827 0.13210 -0.25242 0.05497 -0.30552 0.25036 -0.11299 0.30657 -0.23721 0.43384 -0.12941 0.52886 0.05928 0.38982 0.07697 0.23232 -0.06972 0.37949 0.18057 0.17981 0.21834 0.13826 0.10408 0.41494 -0.21097 0.58874 -0.01969 0.52812 -0.09885 1
0.34843 -3.30251 -2.36924 0.76848 1.92134 0.91453 -0.50597 -1.01087 -0.37533 -2.62342 1.71006 0.96443 1.83457 -0.25309 -2.34016 -2.23928 -2.00862 -0.43476 -1.88290 1.08924 -1.94867 -2.25984 2.00759 -2.41702 -1.82920 0.88921 -1.69409 -2.39703 -1.91640 1.13461 1.95731 -0.66938 -0.03096 2
0.34843 0.67950 0.25800 0.57800 0.51392 0.54943 0.70432 0.40635 0.96766 0.19920 1.17866 0.00433 1.49372 -0.14229 1.69735 -0.54274 1.73039 -0.76965 1.58491 -0.98282 1.54465 -1.22876 1.46983 -1.56931 1.28883 -2.16795 0.96485 -1.73447 0.66213 -1.76995 0.36511 -1.89820 0.03250 1
0.34843 -0.91638 -0.47876 -1.15786 -0.25185 -1.11819 -0.22954 -1.01087 -0.37533 -0.84626 -0.31378 -0.45939 -0.57495 -0.52793 -0.15541 -0.61890 0.00729 -0.57468 0.04635 -0.55290 -0.01603 -0.68627 -0.01577 -0.54984 0.31693 -0.71500 -0.07179 -0.44072 0.24457 -0.57279 -0.08635 -0.34698 0.38709 2
0.34843 0.61362 0.29629 0.59407 0.46841 0.61157 0.73122 0.44423 0.94601 0.20609 1.18058 0.13871 1.50299 -0.06070 1.82540 -0.32790 1.89074 -0.58589 1.84266 -0.86294 1.71142 -1.14894 1.67518 -1.49140 1.64643 -2.18688 1.33436 -1.83933 1.09127 -1.93759 0.83588 -2.22537 0.52695 1
0.34843 0.72165 -0.10066 0.76848 -0.25185 0.23696 -0.01587 0.96407 -0.60530 0.73345 -0.53864 0.96443 -0.63872 0.66517 -0.15541 0.64140 0.00729 1.02436 -0.16801 0.72433 -0.23077 0.50455 -0.10196 0.46836 0.14020 0.70194 0.02916 1.08084 0.27406 0.93991 -0.20926 1.24662 -0.03096 1
0.34843 -1.29043 -0.10066 -1.15786 -0.25185 0.91453 1.69351 -2.98582 -2.44503 -0.84626 -0.31378 0.96443 -0.41388 -0.52793 -0.15541 -0.61890 0.00729 -2.17372 1.97560 1.08924 1.91661 1.05742 -1.78961 -0.68580 0.14020 0.88921 -1.69409 -0.65809 0.05502 -0.61772 0.00740 1.24662 2.10730 2
-2.86999 -3.30251 2.16791 0.76848 -2.42504 -3.15091 1.69351 -1.01087 -0.37533 0.93091 1.71006 -2.25463 -0.56846 1.00605 2.02935 -2.23928 -2.00862 1.02436 -1.88290 -2.19505 -1.94867 1.05742 2.00759 1.04543 -1.82920 0.88921 1.94730 1.08084 2.02643 -0.61772 0.00740 -2.58539 -2.16922 2
-2.86999 0.72165 2.16791 0.76848 -2.42504 0.91453 1.69351 0.96407 1.69437 0.93091 1.71006 0.96443 1.83457 1.00605 2.02935 1.00148 -2.00862 -2.17372 1.97560 -2.19505 1.91661 -2.25984 2.00759 1.04543 -1.82920 0.88921 1.94730 -2.39703 2.02643 -2.37005 -1.94252 -2.58539 2.10730 2
0.34843 0.33185 0.19582 0.24954 0.27674 0.19525 0.13657 -0.28166 0.56798 -0.05021 0.62607 -0.24272 0.97066 -0.14149 0.65547 -0.37236 1.05308 -0.73151 1.15567 -0.60975 0.81278 -0.74810 0.95242 -0.94449 0.92807 -1.43761 0.76341 -1.07251 0.63739 -1.08444 0.47335 -1.12628 0.63519 1
0.34843 0.52340 0.84729 0.07752 1.39380 -0.49943 1.60021 -1.41473 1.62264 -1.83228 1.32939 -1.96262 0.84197 -2.01568 0.07061 -2.10084 -0.62595 -1.69662 -1.21656 -1.08420 -1.73606 -0.50393 -1.67896 0.08430 -1.47774 0.38685 -0.87898 0.89678 -0.31413 0.92246 0.40438 0.68246 1.14192 1
0.34843 0.53267 -0.13825 0.73230 -0.29507 0.82694 -0.29965 0.68257 -0.37305 0.74829 -0.38087 0.78836 -0.21809 0.86198 -0.25438 0.86182 -0.01053 0.71692 -0.20306 0.90416 0.00745 0.92730 0.06494 0.89048 0.09886 0.67866 -0.01468 0.78493 -0.28482 1.06490 -0.06586 1.00527 -0.37828 1
0.34843 0.65994 -0.08079 0.76848 -0.23353 0.88725 -0.24421 0.92197 -0.43419 0.92771 -0.38481 0.96443 -0.21475 1.00605 -0.21180 1.00148 -0.01640 1.00014 0.04683 1.08924 -0.06651 1.05742 0.01892 0.97651 0.05104 0.87346 0.06337 1.02902 0.00616 1.13461 -0.06777 1.21635 -0.11889 1
0.34843 0.38698 0.61294 0.10468 1.00145 -0.40751 1.12962 -0.66935 1.25864 -1.18349 1.30298 -1.31674 1.15750 -1.57750 0.88768 -1.82973 0.40023 -1.72887 -0.04793 -1.57153 -0.56094 -1.41668 -0.90606 -1.14590 -1.15988 -1.08045 -1.14253 -0.26321 -1.21513 0.13753 -0.99108 0.56955 -0.67404 1
0.34843 0.51165 0.75951 0.13878 1.25717 -0.38812 1.47613 -1.09368 1.55663 -1.53713 1.39462 -1.72790 1.06718 -1.79623 0.50780 -2.01486 -0.10086 -1.75100 -0.61490 -1.40317 -1.22283 -0.98980 -1.29322 -0.56615 -1.31432 -0.40028 -1.00761 0.25335 -0.77467 0.45500 -0.33078 0.48162 0.15421 1
0.34843 0.72165 -0.64628 0.76848 -0.69198 0.65723 -0.42428 0.73909 -0.34913 0.93091 -0.08322 0.84218 -0.06096 0.77304 -0.23836 0.40665 -0.73273 0.82196 0.02193 0.98531 0.10628 1.05742 0.58964 0.38799 -0.60768 0.59117 0.02574 1.08084 -0.06975 0.31391 0.05677 0.93133 -0.08510 1
0.34843 0.08416 0.02127 0.47573 -0.24746 0.59623 -0.22375 0.65401 -0.17041 0.50107 -0.23076 0.67297 -0.17719 0.71057 -0.14070 0.68748 -0.24363 0.67153 -0.02187 0.70112 0.00153 0.63671 0.12756 0.69281 0.05663 0.32320 0.14656 0.42413 0.28366 0.54975 0.03060 0.56466 -0.00473 1
0.34843 0.72165 0.15762 0.19094 -0.51576 0.54039 -0.04344 0.39444 -0.35176 0.15193 -0.47123 0.46660 0.06440 0.37150 -0.06834 0.24202 -0.06157 0.53586 0.37216 0.64054 0.12333 -0.06932 0.22067 0.23731 0.87638 -0.09844 0.45344 -0.39412 0.69470 0.15578 0.37587 0.40678 0.29363 1
0.34843 0.41668 0.05347 0.39404 -0.30181 0.44764 -0.29298 0.30691 -0.51235 0.21262 -0.46892 0.43747 -0.30581 0.45780 -0.29606 0.01627 0.09861 0.56470 0.07324 0.36621 -0.17140 0.28499 -0.05150 0.12854 -0.30926 -0.10680 -0.03959 0.25681 -0.11328 0.15816 -0.18020 0.13961 -0.24068 1
0.34843 0.72165 0.93052 0.76848 0.93352 0.54494 0.99422 0.96407 -0.56349 0.93091 -0.31378 0.67178 -1.10886 0.44823 0.44044 1.00148 -1.27555 1.02436 -0.47981 0.93996 -0.89451 1.05742 0.25613 1.04543 -0.03884 0.88921 0.28805 1.08084 0.77190 1.13461 1.24825 0.72407 0.55221 1
-2.86999 0.72165 -2.36924 0.76848 1.92134 0.91453 1.69351 0.96407 1.69437 0.93091 1.71006 0.96443 -2.21264 1.00605 -2.34016 1.00148 2.02320 1.02436 -1.88290 1.08924 1.91661 1.05742 2.00759 1.04543 -1.82920 0.88921 1.94730 1.08084 -1.91640 1.13461 1.95731 1.24662 -2.16922 2
0.34843 0.25137 0.37814 0.07374 0.57640 -0.13417 0.78006 -0.71463 0.08565 -0.60184 0.89172 -0.76947 0.71238 -0.52793 0.90717 -1.06436 0.85426 -1.47232 0.75666 -1.15378 0.34854 -1.27351 0.25306 -1.35202 0.07660 -1.70924 -0.10073 -1.13699 -0.33363 -0.96752 -0.47322 -0.89727 -0.61295 1
0.34843 0.72165 0.01436 0.76848 -0.01656 0.91453 0.14542 0.96407 0.21356 0.93091 0.39104 0.96443 0.58522 0.92283 0.78144 0.82528 1.02313 0.63909 1.18077 0.77139 1.14282 0.71869 1.30051 0.46794 1.39947 0.10191 1.39081 0.20334 1.48792 0.20635 1.40527 -0.02980 1.57793 1
-2.86999 -1.29043 -0.10066 -1.15786 -0.25185 -1.11819 -0.22954 -1.01087 -0.37533 -0.84626 -0.31378 -0.64510 -0.18903 -0.52793 -0.15541 -0.61890 0.00729 -0.57468 0.04635 -0.55290 -0.01603 -0.60121 0.10899 -0.68580 0.14020 0.88921 -1.69409 -0.65809 0.05502 -0.61772 0.00740 -0.66938 -0.03096 2
0.34843 -0.57924 -0.41300 0.17877 -0.30451 0.26802 -0.29827 0.08951 -0.50198 0.25267 -0.52561 0.35440 -0.32111 0.38265 -0.31465 0.06605 -0.52509 0.35617 0.14266 0.26383 -0.18554 0.16575 -0.06167 0.09339 0.12909 -0.29135 -0.03795 -0.03924 -0.14816 -0.05291 -0.16102 -0.11483 -0.20844 1
0.34843 0.67312 -0.34118 0.66447 -0.70387 0.76830 -0.77472 0.68750 -0.94123 0.57132 -1.28378 0.61395 -1.21630 0.61685 -1.49763 0.32003 -1.36526 0.03059 -1.37437 0.04359 -1.49570 -0.07214 -1.40520 -0.29122 -1.46750 -0.78579 -1.37565 -0.57800 -1.56933 -0.69240 -1.57824 -0.93441 -1.76242 1
0.34843 0.24471 -0.27711 0.76848 -0.89576 0.91453 -1.87838 0.56908 -0.24885 -0.03665 -1.17953 0.96443 -0.44362 1.00605 -1.98009 0.17928 0.04463 0.74009 -0.06798 1.05993 -0.40136 1.05742 0.52738 0.51965 -0.38132 0.73688 -0.32036 0.71374 0.09517 0.91543 -0.52113 1.24662 -1.25056 1
0.34843 0.71563 0.39110 0.61372 0.77020 0.44501 0.97074 0.04201 1.24152 -0.19272 1.47309 -0.48243 1.49687 -0.63266 1.79501 -1.07697 1.46022 -1.27357 1.23647 -1.46871 0.91395 -1.67932 0.78364 -1.80517 0.45349 -2.34379 0.16806 -1.78617 -0.21038 -1.57476 -0.44009 -1.57376 -0.78004 1
0.34843 0.46104 0.76201 0.07690 1.25226 -0.48099 1.43631 -1.08855 1.50272 -1.59574 1.29205 -1.78080 0.85434 -1.77121 0.34130 -1.93361 -0.24548 -1.65362 -0.68873 -1.18240 -1.23091 -0.81705 -1.23450 -0.41656 -1.16790 -0.30303 -0.81229 0.25612 -0.53438 0.36777 -0.10839 0.31659 0.32495 1
0.34843 0.56565 -0.54185 0.69949 -0.63594 0.65077 -0.66418 0.60270 -0.93560 0.56252 -0.89885 0.48643 -1.19353 0.44366 -1.24706 -0.01525 -1.41854 -0.14182 -1.34481 0.11226 -1.06298 -0.04542 -1.02430 -0.43044 -1.11236 -0.87012 -0.95833 -0.78263 -1.02784 -0.64996 -1.04700 -0.81226 -1.05515 1
0.34843 -0.29415 0.11959 -0.58743 -0.12526 -0.40773 -0.22954 0.12042 -0.42556 0.18898 -0.26466 -0.10599 -0.09081 0.27629 -0.14481 0.14409 -0.20801 0.11617 0.05571 0.02104 0.09654 -0.28720 0.59746 -0.14794 -0.15618 -0.34177 0.19607 0.02566 0.39954 -0.15836 0.00740 0.04680 -0.07249 1
0.34843 0.72165 -1.39883 0.75210 -1.84634 0.70146 -2.10355 0.96407 -1.11666 0.93091 -0.78389 0.36713 -1.93747 1.00605 -1.41241 1.00148 -1.59743 0.65292 -1.66976 1.03343 -1.94867 0.56182 -1.31298 0.38663 -1.37435 -0.00751 -1.29328 0.75079 -1.91640 1.13461 -1.94252 -0.08605 -1.65844 1
0.34843 0.47561 -0.28560 0.44917 -0.09240 0.60521 -0.15115 0.51327 -0.42033 0.52525 -0.42928 0.68014 -0.40349 0.51418 -0.16727 0.80773 -0.41452 0.75931 0.10926 0.86612 -0.13157 1.01235 -0.42241 0.78668 -0.22907 0.57309 -0.05930 0.83513 -0.00927 0.75844 -0.20456 0.84572 -0.04257 1
0.34843 -0.71882 -0.82248 -1.15786 -0.25185 0.26776 -2.15258 -0.40492 1.60813 0.29813 -0.18346 -0.08421 -1.90602 -0.52793 -0.15541 0.33860 -0.71813 0.14611 -1.51021 -0.55290 -0.01603 -0.60121 0.10899 -0.26611 0.49081 0.88921 -0.30788 -0.55269 -0.90082 -0.33230 -1.35903 -0.66938 -0.03096 2
0.34843 0.68145 -0.09896 0.76848 -0.25185 0.89384 -0.23098 0.85982 -0.32578 0.89004 -0.27067 0.93044 -0.12685 0.99332 -0.10433 0.90310 0.12246 0.92126 0.14819 1.05210 0.09073 1.05742 0.22748 0.94424 0.29985 0.82536 0.25870 1.00609 0.21446 1.10289 0.16585 1.19388 0.15327 1
0.34843 0.72165 0.93052 0.76848 -1.23967 0.91453 -0.05471 0.96407 -0.56349 0.93091 -0.31378 0.96443 -0.74093 1.00605 -0.55264 1.00148 0.19056 1.02436 0.04635 1.08924 -0.71882 1.05742 0.28159 1.04543 -0.03884 0.88921 0.03714 1.08084 0.95112 1.13461 -0.52440 1.24662 -0.41974 1
0.34843 0.72165 -2.36924 0.76848 1.92134 0.91453 1.69351 0.96407 -1.41018 0.93091 1.71006 0.96443 1.83457 1.00605 2.02935 -0.61890 0.00729 1.02436 1.97560 1.08924 1.91661 1.05742 -1.78961 1.04543 2.10959 0.88921 1.26454 1.08084 -1.42354 -1.93197 1.95731 1.24662 2.10730 2
0.34843 0.72165 -0.25048 0.76848 1.11589 0.91453 -0.04575 0.96407 0.04440 0.93091 -2.33761 0.96443 -1.00979 1.00605 -0.50171 1.00148 0.10597 1.02436 -1.14087 1.08924 -0.52959 1.05742 -1.78961 1.04543 -1.00288 0.88921 -1.35493 1.08084 -1.91640 1.13461 -1.52436 1.24662 -1.06272 1
-2.86999 -1.29043 -0.10066 -1.15786 -0.25185 -1.11819 -0.22954 -1.01087 -0.37533 -0.84626 -0.31378 -0.64510 -0.18903 -0.52793 -0.15541 -0.61890 0.00729 -0.57468 0.04635 -0.55290 -0.01603 -0.60121 0.10899 -0.68580 0.14020 0.88921 1.94730 -0.65809 0.05502 -0.61772 0.00740 -0.66938 -0.03096 2
0.34843 0.40328 0.88526 -0.19469 1.40325 -0.91663 1.56775 -1.75669 1.44986 -2.13227 0.92442 -2.15616 0.20373 -1.85804 -0.71311 -1.63762 -1.31539 -0.97612 -1.60613 -0.28614 -1.68773 0.25260 -1.16075 0.61080 -0.42902 0.46119 0.27104 0.45717 0.89931 -0.06688 1.22506 -0.67747 1.45318 1
-2.86999 0.72165 2.16791 -1.15786 -0.25185 -1.11819 -0.22954 -2.98582 -2.44503 -0.84626 -0.31378 -0.64510 -0.18903 -2.06192 -2.34016 -2.23928 -2.00862 -2.17372 1.97560 -2.19505 1.91661 -0.60121 0.10899 -0.68580 0.14020 0.88921 -1.69409 -2.39703 2.02643 -2.37005 1.95731 -2.58539 2.10730 2
-2.86999 -3.30251 -2.36924 0.76848 1.92134 0.91453 -2.15258 -2.98582 1.69437 0.93091 -2.33761 -2.25463 -2.21264 -0.52793 -0.15541 1.00148 2.02320 -2.17372 -1.88290 1.08924 -1.94867 1.05742 -1.78961 1.04543 2.10959 0.88921 -1.69409 1.08084 -1.91640 -2.37005 1.95731 1.24662 -2.16922 2
0.34843 0.67565 0.33148 0.43489 0.75345 0.34071 0.89991 -0.06353 1.36897 -0.28807 1.56116 -0.47950 1.71204 -0.73125 1.68612 -1.13775 1.85435 -1.40850 1.58059 -1.67406 0.94078 -1.88513 0.74572 -2.16385 0.49171 -2.66705 0.10188 -2.09038 -0.32588 -1.79685 -0.64898 -1.81790 -1.09368 1
0.34843 0.68475 -0.08083 0.73193 -0.33482 0.86503 -0.33913 0.88403 -0.51961 0.91321 -0.40499 0.87933 -0.41369 0.90433 -0.43484 0.90777 -0.22621 0.69947 -0.32407 0.89669 -0.35206 0.82947 -0.24679 0.84611 -0.24756 0.53638 -0.25822 0.70777 -0.41544 0.73001 -0.44294 0.75465 -0.54205 1
0.34843 0.40241 -0.51722 -0.31713 -0.18841 0.78080 -0.23467 0.72603 -0.08982 0.59540 -0.34998 0.78028 0.92377 0.87894 -1.41133 0.59638 -0.58781 0.81131 -0.34151 1.08924 1.91661 0.17187 -0.20029 0.87345 0.08549 0.76035 0.10552 0.41278 -0.58171 0.86235 -0.49385 1.11869 -0.06143 1
0.34843 0.60253 0.17005 0.49374 -0.22929 0.61214 -0.19981 0.50916 -0.38108 0.65472 -0.09285 0.69546 -0.12778 0.74036 -0.07881 0.59376 0.04646 0.70486 0.09275 0.77497 0.07869 0.72999 0.21060 0.65306 0.18392 0.48294 0.24013 0.83633 0.23739 0.74670 0.14565 0.81110 0.12958 1
0.34843 -3.30251 -2.36924 -2.13439 1.92134 0.91453 -2.15258 0.96407 0.73856 -0.84626 -0.31378 -0.25949 -2.21264 1.00605 2.02935 -0.61890 0.00729 1.02436 1.97560 1.08924 1.91661 -0.60121 0.10899 -1.92411 2.10959 -0.40412 -1.69409 1.08084 -1.91640 0.60527 -1.94252 0.24204 2.10730 2
0.34843 -1.25689 -0.90884 -1.15786 -0.25185 -1.11819 -0.22954 -1.01087 -0.37533 -0.84626 -0.31378 -0.64510 -0.18903 -0.33938 -1.35702 -0.24925 1.67673 1.02436 -0.76957 -0.55290 -0.01603 -0.46300 -1.78961 -0.86974 -0.18804 0.88921 -1.26926 -2.39703 0.42671 -0.61772 0.00740 1.24662 -0.61454 2
0.34843 0.51712 0.69690 0.13920 1.10059 -0.22587 1.58492 -1.08282 1.29099 -1.25213 1.21086 -1.04969 0.79881 -1.40809 0.46539 -1.70051 0.22080 -1.33197 -0.07313 -1.88396 -0.13220 -1.15183 -0.79459 -0.90907 -0.91580 -0.91191 -0.81879 -0.23517 -0.80212 0.02339 -0.57869 0.15076 0.25336 1
0.34843 0.72165 -0.12741 0.76848 -0.25930 0.91453 -0.25963 0.96407 -0.40772 0.93091 -0.37063 0.96443 -0.23329 1.00341 -0.22285 0.99383 -0.05798 1.01339 -0.02025 1.08924 -0.09104 1.05742 0.01332 1.04543 0.04308 0.88614 0.02598 1.07041 -0.06926 1.11809 -0.11929 1.22691 -0.17354 1
0.34843 0.72165 1.21103 0.76848 -2.42504 0.91453 -2.15258 0.96407 -2.44503 0.93091 -2.33761 0.96443 -2.21264 1.00605 -2.34016 1.00148 -2.00862 1.02436 -1.88290 1.08924 -1.22965 1.05742 -1.78961 1.04543 -1.82920 0.88921 -1.69409 1.08084 -1.91640 1.13461 -1.94252 1.24662 -2.16922 2
0.34843 -0.78741 0.27744 -0.25890 0.32768 -0.73124 0.23134 -0.85750 0.03735 -0.82724 -0.01178 -0.68320 0.01713 -0.58446 -0.01740 -0.67993 0.07700 -0.62633 0.07591 -0.59353 -0.00913 -0.62984 0.10381 -0.70479 0.12958 -1.06282 0.11594 -0.66320 0.04477 -0.61928 -0.00056 -0.66890 -0.03718 1
0.34843 -0.28701 -0.05942 -0.32728 -0.46069 -0.08864 -0.30946 -0.02083 -0.17643 -0.05231 -0.19287 0.25372 -0.43081 0.26495 -0.23484 0.23548 -0.11314 0.30999 0.02630 0.24470 -0.08130 0.21303 0.08926 0.33945 0.14020 -0.01841 0.06689 0.09169 0.12159 0.33809 -0.09897 0.46031 -0.21423 1
0.34843 0.72165 0.26673 0.76848 -0.37263 0.91453 -0.20313 0.96407 -0.63098 0.93091 -0.34436 0.96443 -0.22406 1.00605 -0.29466 1.00148 -0.13699 1.02436 0.16018 1.08924 -0.21138 1.05742 0.05801 1.04543 -0.31233 0.88921 0.00238 1.08084 0.21862 1.13461 -0.26937 1.24662 -0.19003 1
0.34843 0.14324 -0.15953 -0.36253 -0.75314 0.87426 -0.41171 0.95833 -0.58719 0.93091 -0.53541 0.30396 1.83457 0.75641 -2.34016 0.71418 -0.35281 0.71671 -0.49880 -0.97845 1.77610 0.26016 0.21258 0.44803 -0.26140 0.75582 -0.62547 0.45154 -0.37674 0.89167 -1.69593 -1.11363 -2.16922 2
0.34843 -0.34294 0.41546 -0.34248 0.47830 -0.59657 0.68620 -0.97430 0.64857 -0.88386 0.77845 -1.19439 0.44268 -1.16101 0.55551 -1.45481 0.14595 -1.37420 -0.17822 -0.79619 -0.29723 -0.84694 -0.61428 -1.08883 0.14541 -0.98144 -0.45126 -0.38207 -0.37264 -0.18195 -0.46719 -0.15743 0.05955 1
0.34843 0.45784 -0.26198 0.76848 -0.30605 0.91453 -0.36201 0.72270 -0.37074 0.63867 -0.44419 0.96443 -0.33649 1.00605 -0.59236 0.78903 0.11480 0.83248 -0.02654 1.08924 -0.23879 1.05742 -0.24542 0.77612 0.21023 0.88921 -0.13124 0.77170 -0.23413 1.13461 -0.29697 1.24662 -0.97654 1
0.34843 0.61398 -0.08043 0.71622 -0.25750 0.89262 -0.22238 0.88115 -0.34226 0.82524 -0.24233 0.91957 -0.09354 0.98496 -0.11481 0.90874 0.15113 1.00119 0.03273 1.05262 0.08021 0.99701 0.24375 0.92898 0.29974 0.79692 0.20592 1.03690 0.07114 1.09685 0.14508 1.24662 -0.03652 1
0.34843 0.51048 -0.17253 0.52817 -0.13135 0.70120 -0.20288 0.82328 -0.31796 0.77607 -0.33381 0.86881 -0.22109 0.88151 -0.08187 0.89879 0.00729 0.93253 0.07309 0.93316 -0.00073 0.87021 0.07516 0.86031 0.18699 0.67585 0.15594 0.87424 0.05892 0.91254 0.08848 0.99243 0.01984 1
0.34843 0.72165 -2.36924 -1.15786 -0.25185 0.46613 -2.13845 0.58650 0.76605 -1.59110 -2.23344 -0.64510 -0.18903 -0.52793 -0.15541 0.54873 -1.54911 0.60108 -1.11687 -0.55290 -0.01603 -0.29632 -1.78961 -2.41702 -1.82920 -2.99075 -1.69409 1.08084 -1.91640 1.13461 -1.94252 -0.66938 -0.03096 2
0.34843 -3.30251 -2.36924 -1.15786 -0.25185 -0.08528 -1.73917 0.18567 0.30558 -2.62342 -1.15099 -0.64510 -0.18903 -0.52793 -0.15541 1.00148 -0.53116 0.00868 -1.17907 1.04110 -1.94867 -2.25984 -1.78961 1.04543 -1.03374 -2.99075 -1.69409 -2.39703 -1.91640 1.13461 -1.94252 -0.66938 -0.03096 2
-2.86999 -3.30251 -2.36924 -1.15786 -0.25185 -3.15091 1.69351 0.96407 -1.15147 -0.84626 -0.31378 -0.64510 -0.18903 -0.52793 -0.15541 1.00148 -2.00862 -2.17372 -1.88290 1.08924 -1.94867 -0.60121 0.10899 1.04543 -1.82920 -2.99075 1.94730 -2.39703 -1.91640 -0.61772 0.00740 -2.58539 2.10730 2
0.34843 -0.04051 -1.54429 -1.15786 -0.25185 -1.11819 -0.22954 -0.33011 0.22049 -0.08558 0.48349 -0.76704 0.86110 0.02988 0.53146 -1.49047 0.67163 -0.38086 -0.23866 -0.52180 -1.04824 -1.55619 0.44700 -0.18085 -0.39692 -0.55107 -0.92168 0.09282 0.53293 -0.29911 -0.03692 -0.34280 -0.92191 2
0.34843 -0.50212 -0.24456 0.71963 -0.15779 0.91453 1.69351 -0.30343 -0.05869 0.12191 -0.04946 0.34584 -1.85021 0.35926 1.32826 0.46337 -0.20333 0.17115 -0.17681 0.52392 0.26984 0.77892 0.97327 0.12814 0.46353 -0.09419 0.39297 -0.09358 0.00352 0.06776 0.27105 -0.01007 0.24177 2
0.34843 0.30227 0.28162 -1.15786 -0.25185 0.03113 -0.09735 -0.23140 1.69437 -0.16455 1.70109 -0.68436 0.88783 -0.16400 0.12555 -0.66202 1.92487 -1.39016 1.68471 -0.72040 0.73389 -1.30733 0.55943 -2.27115 1.72970 -1.71320 1.73333 -2.39703 1.42320 -2.37005 0.25816 -0.66938 -0.03096 2
0.34843 0.42010 -0.05962 0.61843 -0.22021 0.75285 -0.18761 0.82119 -0.20955 0.71049 -0.08367 0.82216 -0.10161 0.86397 -0.04578 0.79632 0.06458 0.95826 0.04635 0.91020 0.12016 0.86551 0.25513 0.76360 0.35393 0.63552 0.28956 0.86516 0.22822 0.87523 0.20500 0.94501 0.19779 1
0.34843 -0.02795 -0.27859 0.23968 -0.25185 0.11738 -0.38036 0.22831 -0.61883 0.37336 -0.55188 0.42792 -0.46677 0.46465 -0.36960 0.27072 -0.22988 0.30323 -0.36977 0.41307 -0.39498 0.50455 -0.33773 0.09495 -0.36180 -0.03405 -0.32252 0.33072 -0.56348 0.13818 -0.41318 0.23227 -0.61794 2
